1024 1 0.000544 0.000550 0.000550 0.000579 0.000535 0.000537 0.000558 
2048 1 0.000540 0.000540 0.000623 0.000639 0.000530 0.000541 0.000551 
4096 1 0.000454 0.000547 0.000556 0.000626 0.000598 0.000541 0.000561 
8192 1 0.000537 0.000556 0.000558 0.000580 0.000530 0.000553 0.000566 
16384 1 0.000536 0.000550 0.000575 0.000590 0.000573 0.000542 0.000610 
32768 1 0.000569 0.000589 0.000587 0.000626 0.000567 0.000578 0.000637 
65536 1 0.000628 0.000445 0.000645 0.000553 0.000466 0.000489 0.000455 
131072 1 0.000655 0.000467 0.000474 0.000774 0.000674 0.000483 0.000713 
262144 1 0.000755 0.000563 0.000562 0.000491 0.000539 0.000562 0.000446 
524288 1 0.000756 0.000481 0.000744 0.000585 0.000738 0.000482 0.000506 
1048576 1 0.000549 0.000328 0.000333 0.000412 0.000296 0.000318 0.000414 
2097152 1 0.000765 0.000459 0.000434 0.000494 0.000375 0.000392 0.000413 
4194304 1 0.001283 0.000553 0.000591 0.000731 0.000520 0.000522 0.000554 
8388608 1 0.002259 0.000855 0.000936 0.001241 0.000832 0.000806 0.000857 
16777216 1 0.004102 0.001503 0.001597 0.002173 0.001454 0.001414 0.001432 
33554432 1 0.007951 0.002714 0.002857 0.004026 0.002576 0.002562 0.002560 
67108864 1 0.015690 0.004882 0.005514 0.007740 0.004956 0.004952 0.004870 
134217728 1 0.031632 0.009791 0.010626 0.015412 0.009462 0.009539 0.009771
