1024 1 0.000525 0.000544 0.000619 0.000574 0.000582 0.000539 0.000563 
2048 1 0.000537 0.000552 0.000561 0.000621 0.000530 0.000540 0.000564 
4096 1 0.000527 0.000584 0.000561 0.000620 0.000524 0.000534 0.000562 
8192 1 0.000529 0.000545 0.000551 0.000594 0.000540 0.000546 0.000572 
16384 1 0.000462 0.000556 0.000595 0.000635 0.000541 0.000545 0.000574 
32768 1 0.000552 0.000576 0.000600 0.000642 0.000568 0.000566 0.000636 
65536 1 0.000618 0.000628 0.000612 0.000475 0.000626 0.000624 0.000473 
131072 1 0.000658 0.000472 0.000477 0.000510 0.000496 0.000475 0.000522 
262144 1 0.000748 0.000566 0.000576 0.000538 0.000560 0.000545 0.000476 
524288 1 0.000755 0.000275 0.000292 0.000344 0.000271 0.000262 0.000372 
1048576 1 0.000543 0.000322 0.000344 0.000452 0.000305 0.000308 0.000514 
2097152 1 0.000755 0.000432 0.000496 0.000576 0.000392 0.000380 0.000775 
4194304 1 0.001281 0.000560 0.000611 0.000935 0.000531 0.000536 0.001389 
8388608 1 0.002226 0.000856 0.001015 0.001602 0.000845 0.000854 0.002484 
16777216 1 0.004217 0.001482 0.001727 0.002880 0.001443 0.001444 0.004717 
33554432 1 0.008047 0.002639 0.003135 0.005505 0.002538 0.002591 0.009213 
67108864 1 0.015743 0.004970 0.005955 0.010652 0.004978 0.004864 0.018175 
134217728 1 0.031544 0.009811 0.011683 0.021212 0.009596 0.009553 0.036267
