1024 1 0.000163 0.000153 0.000156 0.000187 0.000154 0.000164 0.000190 
2048 1 0.000160 0.000150 0.000154 0.000175 0.000155 0.000156 0.000180 
4096 1 0.000163 0.000149 0.000153 0.000174 0.000155 0.000156 0.000170 
8192 1 0.000168 0.000150 0.000149 0.000166 0.000154 0.000154 0.000170 
16384 1 0.000167 0.000157 0.000153 0.000180 0.000156 0.000158 0.000188 
32768 1 0.000176 0.000167 0.000169 0.000192 0.000171 0.000173 0.000199 
65536 1 0.000190 0.000188 0.000192 0.000224 0.000198 0.000194 0.000223 
131072 1 0.000224 0.000248 0.000241 0.000284 0.000246 0.000250 0.000278 
262144 1 0.000280 0.000260 0.000253 0.000305 0.000260 0.000265 0.000342 
524288 1 0.000383 0.000282 0.000287 0.000353 0.000278 0.000285 0.000461 
1048576 1 0.000594 0.000326 0.000339 0.000444 0.000328 0.000338 0.000712 
2097152 1 0.001026 0.000454 0.000485 0.000688 0.000466 0.000477 0.001207 
4194304 1 0.001889 0.000691 0.000738 0.001141 0.000718 0.000732 0.002268 
8388608 1 0.003598 0.001231 0.001275 0.002032 0.001250 0.001272 0.004278 
16777216 1 0.006975 0.002240 0.002283 0.003801 0.002284 0.002294 0.008324 
33554432 1 0.013769 0.004280 0.004351 0.007334 0.004405 0.004356 0.016417 
67108864 1 0.027285 0.008351 0.008512 0.014356 0.008538 0.008522 0.032593 
134217728 1 0.054358 0.016551 0.016809 0.028393 0.017146 0.017061 0.065053
