1024 1 0.000162 0.000152 0.000156 0.000180 0.000152 0.000157 0.000185 
2048 1 0.000157 0.000151 0.000156 0.000177 0.000152 0.000158 0.000181 
4096 1 0.000158 0.000147 0.000154 0.000172 0.000151 0.000157 0.000171 
8192 1 0.000162 0.000151 0.000150 0.000168 0.000150 0.000158 0.000171 
16384 1 0.000173 0.000151 0.000158 0.000186 0.000153 0.000159 0.000201 
32768 1 0.000180 0.000169 0.000169 0.000193 0.000169 0.000180 0.000202 
65536 1 0.000194 0.000188 0.000190 0.000222 0.000186 0.000196 0.000217 
131072 1 0.000225 0.000238 0.000242 0.000280 0.000246 0.000248 0.000279 
262144 1 0.000282 0.000249 0.000256 0.000302 0.000251 0.000259 0.000339 
524288 1 0.000385 0.000269 0.000282 0.000343 0.000283 0.000281 0.000456 
1048576 1 0.000593 0.000320 0.000339 0.000432 0.000323 0.000331 0.000694 
2097152 1 0.001029 0.000439 0.000469 0.000655 0.000460 0.000464 0.001177 
4194304 1 0.001890 0.000683 0.000715 0.001082 0.000713 0.000711 0.002185 
8388608 1 0.003593 0.001212 0.001229 0.001951 0.001247 0.001263 0.004081 
16777216 1 0.006994 0.002211 0.002244 0.003542 0.002295 0.002295 0.007977 
33554432 1 0.013849 0.004234 0.004328 0.006765 0.004411 0.004368 0.015763 
67108864 1 0.027225 0.008331 0.008402 0.013268 0.008565 0.008584 0.031277 
134217728 1 0.054400 0.016341 0.016751 0.026252 0.017078 0.016924 0.062421
