1024 1 0.000161 0.000155 0.000155 0.000179 0.000153 0.000161 0.000179 
2048 1 0.000165 0.000153 0.000152 0.000175 0.000153 0.000154 0.000173 
4096 1 0.000161 0.000150 0.000154 0.000171 0.000156 0.000157 0.000175 
8192 1 0.000160 0.000149 0.000154 0.000168 0.000151 0.000157 0.000168 
16384 1 0.000169 0.000153 0.000159 0.000178 0.000157 0.000163 0.000192 
32768 1 0.000169 0.000164 0.000171 0.000191 0.000167 0.000175 0.000196 
65536 1 0.000194 0.000186 0.000188 0.000215 0.000189 0.000194 0.000218 
131072 1 0.000232 0.000235 0.000248 0.000276 0.000242 0.000248 0.000263 
262144 1 0.000280 0.000249 0.000256 0.000298 0.000254 0.000260 0.000294 
524288 1 0.000382 0.000268 0.000277 0.000342 0.000276 0.000280 0.000362 
1048576 1 0.000593 0.000320 0.000331 0.000433 0.000324 0.000328 0.000493 
2097152 1 0.001028 0.000439 0.000468 0.000654 0.000456 0.000460 0.000783 
4194304 1 0.001894 0.000687 0.000712 0.001077 0.000708 0.000713 0.001323 
8388608 1 0.003591 0.001215 0.001224 0.001953 0.001250 0.001250 0.002434 
16777216 1 0.007007 0.002221 0.002237 0.003543 0.002286 0.002302 0.004617 
33554432 1 0.013784 0.004241 0.004329 0.006776 0.004394 0.004406 0.008959 
67108864 1 0.027329 0.008314 0.008400 0.013272 0.008541 0.008579 0.017694 
134217728 1 0.054428 0.016341 0.016608 0.026265 0.017265 0.016950 0.035233
