1024 1 0.000610 0.000539 0.000562 0.000588 0.000526 0.000544 0.000558 
2048 1 0.000526 0.000543 0.000552 0.000613 0.000532 0.000545 0.000565 
4096 1 0.000536 0.000554 0.000563 0.000587 0.000532 0.000553 0.000556 
8192 1 0.000526 0.000548 0.000623 0.000580 0.000540 0.000556 0.000562 
16384 1 0.000557 0.000551 0.000565 0.000603 0.000535 0.000634 0.000567 
32768 1 0.000593 0.000615 0.000650 0.000663 0.000569 0.000611 0.000642 
65536 1 0.000618 0.000493 0.000629 0.000667 0.000457 0.000645 0.000667 
131072 1 0.000650 0.000474 0.000695 0.000522 0.000497 0.000667 0.000488 
262144 1 0.000790 0.000565 0.000577 0.000614 0.000415 0.000573 0.000580 
524288 1 0.000898 0.000476 0.000346 0.000404 0.000318 0.000353 0.000327 
1048576 1 0.000548 0.000324 0.000330 0.000397 0.000295 0.000336 0.000343 
2097152 1 0.000766 0.000407 0.000436 0.000496 0.000377 0.000417 0.000411 
4194304 1 0.001279 0.000597 0.000577 0.000729 0.000544 0.000539 0.000538 
8388608 1 0.002219 0.000854 0.000934 0.001248 0.000807 0.000815 0.000841 
16777216 1 0.004131 0.001470 0.001601 0.002178 0.001412 0.001428 0.001466 
33554432 1 0.007974 0.002642 0.002854 0.004096 0.002527 0.002575 0.002557 
67108864 1 0.015728 0.004904 0.005403 0.007748 0.004915 0.004881 0.004886 
134217728 1 0.031557 0.009773 0.010604 0.015360 0.009447 0.009540 0.009674
