1024 1 0.000160 0.000151 0.000152 0.000180 0.000155 0.000157 0.000187 
2048 1 0.000162 0.000151 0.000154 0.000175 0.000154 0.000160 0.000175 
4096 1 0.000160 0.000151 0.000149 0.000170 0.000150 0.000156 0.000173 
8192 1 0.000163 0.000148 0.000151 0.000170 0.000153 0.000153 0.000171 
16384 1 0.000169 0.000154 0.000158 0.000186 0.000157 0.000161 0.000183 
32768 1 0.000173 0.000166 0.000169 0.000194 0.000171 0.000173 0.000193 
65536 1 0.000185 0.000191 0.000185 0.000218 0.000191 0.000193 0.000217 
131072 1 0.000228 0.000248 0.000239 0.000274 0.000238 0.000243 0.000269 
262144 1 0.000278 0.000265 0.000250 0.000298 0.000255 0.000261 0.000288 
524288 1 0.000382 0.000282 0.000282 0.000330 0.000273 0.000286 0.000314 
1048576 1 0.000592 0.000325 0.000330 0.000399 0.000324 0.000323 0.000358 
2097152 1 0.001026 0.000453 0.000460 0.000582 0.000453 0.000450 0.000495 
4194304 1 0.001889 0.000689 0.000706 0.000914 0.000700 0.000697 0.000742 
8388608 1 0.003593 0.001232 0.001224 0.001592 0.001247 0.001222 0.001288 
16777216 1 0.006997 0.002237 0.002248 0.002849 0.002278 0.002228 0.002315 
33554432 1 0.013756 0.004284 0.004321 0.005472 0.004356 0.004290 0.004447 
67108864 1 0.027300 0.008402 0.008369 0.010610 0.008509 0.008448 0.008732 
134217728 1 0.054405 0.016565 0.016782 0.020881 0.016859 0.016691 0.017230
