1024 1 0.000162 0.000154 0.000154 0.000191 0.000161 0.000159 0.000177 
2048 1 0.000167 0.000151 0.000153 0.000191 0.000155 0.000158 0.000174 
4096 1 0.000163 0.000149 0.000153 0.000176 0.000154 0.000154 0.000172 
8192 1 0.000163 0.000148 0.000150 0.000173 0.000151 0.000156 0.000168 
16384 1 0.000175 0.000153 0.000157 0.000211 0.000158 0.000155 0.000187 
32768 1 0.000171 0.000168 0.000166 0.000222 0.000167 0.000173 0.000195 
65536 1 0.000189 0.000190 0.000189 0.000254 0.000186 0.000189 0.000215 
131072 1 0.000228 0.000238 0.000243 0.000318 0.000248 0.000248 0.000269 
262144 1 0.000276 0.000246 0.000250 0.000335 0.000254 0.000256 0.000286 
524288 1 0.000380 0.000269 0.000278 0.000370 0.000274 0.000277 0.000307 
1048576 1 0.000590 0.000319 0.000330 0.000461 0.000324 0.000323 0.000363 
2097152 1 0.001021 0.000450 0.000463 0.000654 0.000453 0.000451 0.000495 
4194304 1 0.001891 0.000687 0.000704 0.000999 0.000703 0.000696 0.000747 
8388608 1 0.003598 0.001224 0.001219 0.001662 0.001240 0.001227 0.001282 
16777216 1 0.007016 0.002235 0.002249 0.003017 0.002277 0.002221 0.002320 
33554432 1 0.013744 0.004276 0.004329 0.005700 0.004369 0.004268 0.004483 
67108864 1 0.027274 0.008417 0.008401 0.011064 0.008497 0.008413 0.008739 
134217728 1 0.054350 0.016544 0.016824 0.021858 0.016877 0.016650 0.017277 
