1024 1 0.000201 0.000178 0.000187 0.000225 0.000184 0.000186 0.000219 
2048 1 0.000196 0.000184 0.000185 0.000214 0.000185 0.000185 0.000221 
4096 1 0.000194 0.000179 0.000182 0.000206 0.000183 0.000185 0.000206 
8192 1 0.000202 0.000181 0.000184 0.000203 0.000182 0.000188 0.000212 
16384 1 0.000206 0.000182 0.000187 0.000228 0.000187 0.000190 0.000228 
32768 1 0.000212 0.000195 0.000199 0.000234 0.000195 0.000203 0.000236 
65536 1 0.000229 0.000218 0.000218 0.000255 0.000221 0.000228 0.000256 
131072 1 0.000263 0.000263 0.000269 0.000314 0.000273 0.000276 0.000312 
262144 1 0.000318 0.000310 0.000318 0.000370 0.000315 0.000325 0.000366 
524288 1 0.000414 0.000332 0.000341 0.000433 0.000339 0.000359 0.000411 
1048576 1 0.000619 0.000377 0.000389 0.000510 0.000383 0.000415 0.000470 
2097152 1 0.001028 0.000489 0.000509 0.000645 0.000490 0.000505 0.000570 
4194304 1 0.001893 0.000710 0.000737 0.000947 0.000724 0.000718 0.000787 
8388608 1 0.003587 0.001213 0.001226 0.001581 0.001230 0.001204 0.001287 
16777216 1 0.006948 0.002285 0.002317 0.002845 0.002306 0.002250 0.002364 
33554432 1 0.013754 0.004215 0.004301 0.005307 0.004307 0.004170 0.004416 
67108864 1 0.027273 0.008221 0.008383 0.010297 0.008364 0.008269 0.008645 
134217728 1 0.054431 0.016281 0.016598 0.020132 0.016519 0.016337 0.017230
