1024 1 0.000527 0.000561 0.000564 0.000670 0.000559 0.000530 0.000550 
2048 1 0.000528 0.000545 0.000566 0.000671 0.000520 0.000526 0.000552 
4096 1 0.000614 0.000549 0.000565 0.000684 0.000565 0.000528 0.000561 
8192 1 0.000676 0.000551 0.000623 0.000648 0.000527 0.000535 0.000564 
16384 1 0.000766 0.000552 0.000560 0.000663 0.000538 0.000605 0.000571 
32768 1 0.000472 0.000605 0.000607 0.000483 0.000567 0.000608 0.000670 
65536 1 0.000614 0.000643 0.000666 0.000539 0.000645 0.000472 0.000530 
131072 1 0.000657 0.000474 0.000643 0.000604 0.000479 0.000499 0.000489 
262144 1 0.000626 0.000431 0.000566 0.000684 0.000541 0.000441 0.000563 
524288 1 0.000931 0.000462 0.000325 0.000384 0.000258 0.000306 0.000352 
1048576 1 0.000545 0.000312 0.000330 0.000472 0.000299 0.000320 0.000413 
2097152 1 0.000762 0.000396 0.000439 0.000608 0.000423 0.000408 0.000594 
4194304 1 0.001244 0.000541 0.000593 0.000923 0.000517 0.000551 0.000909 
8388608 1 0.002200 0.000845 0.000930 0.001531 0.000815 0.000888 0.001484 
16777216 1 0.004169 0.001406 0.001575 0.002694 0.001433 0.001462 0.002763 
33554432 1 0.008070 0.002531 0.002816 0.005122 0.002561 0.002628 0.005176 
67108864 1 0.015722 0.004972 0.005444 0.009972 0.004863 0.004962 0.010179 
134217728 1 0.031639 0.009435 0.010457 0.019727 0.009481 0.009965 0.020402
