1024 1 0.000526 0.000541 0.000624 0.000575 0.000598 0.000549 0.000561 
2048 1 0.000542 0.000538 0.000563 0.000634 0.000532 0.000564 0.000564 
4096 1 0.000532 0.000545 0.000564 0.000596 0.000532 0.000589 0.000572 
8192 1 0.000557 0.000541 0.000577 0.000621 0.000533 0.000552 0.000557 
16384 1 0.000537 0.000551 0.000610 0.000606 0.000547 0.000563 0.000584 
32768 1 0.000584 0.000550 0.000639 0.000467 0.000579 0.000474 0.000634 
65536 1 0.000622 0.000686 0.000643 0.000476 0.000666 0.000643 0.000672 
131072 1 0.000659 0.000469 0.000487 0.000510 0.000658 0.000504 0.000746 
262144 1 0.000614 0.000250 0.000255 0.000302 0.000238 0.000261 0.000288 
524288 1 0.000460 0.000281 0.000289 0.000341 0.000260 0.000343 0.000612 
1048576 1 0.000552 0.000318 0.000372 0.000422 0.000293 0.000325 0.000515 
2097152 1 0.000771 0.000454 0.000431 0.000549 0.000372 0.000403 0.000758 
4194304 1 0.001269 0.000555 0.000588 0.000886 0.000530 0.000587 0.001344 
8388608 1 0.002259 0.000848 0.000973 0.001509 0.000816 0.000885 0.002401 
16777216 1 0.004212 0.001439 0.001640 0.002704 0.001420 0.001473 0.004620 
33554432 1 0.007922 0.002577 0.002951 0.005066 0.002559 0.002640 0.008958 
67108864 1 0.015731 0.004953 0.005547 0.009861 0.004912 0.004911 0.017614 
134217728 1 0.031585 0.009460 0.010946 0.019931 0.009470 0.010108 0.035126
