1024 1 0.000524 0.000543 0.000561 0.000584 0.000530 0.000534 0.000561 
2048 1 0.000525 0.000569 0.000553 0.000622 0.000531 0.000540 0.000553 
4096 1 0.000469 0.000543 0.000562 0.000632 0.000532 0.000539 0.000566 
8192 1 0.000622 0.000543 0.000553 0.000585 0.000606 0.000609 0.000564 
16384 1 0.000461 0.000559 0.000577 0.000604 0.000545 0.000539 0.000623 
32768 1 0.000590 0.000620 0.000524 0.000627 0.000562 0.000574 0.000646 
65536 1 0.000620 0.000629 0.000649 0.000555 0.000620 0.000378 0.000660 
131072 1 0.000573 0.000583 0.000628 0.000495 0.000516 0.000468 0.000502 
262144 1 0.000618 0.000560 0.000574 0.000588 0.000401 0.000554 0.000574 
524288 1 0.000727 0.000279 0.000288 0.000375 0.000315 0.000285 0.000298 
1048576 1 0.000544 0.000313 0.000336 0.000398 0.000295 0.000315 0.000587 
2097152 1 0.000763 0.000451 0.000414 0.000492 0.000410 0.000377 0.000408 
4194304 1 0.001265 0.000543 0.000599 0.000730 0.000512 0.000557 0.000563 
8388608 1 0.002197 0.000847 0.000902 0.001211 0.000809 0.000797 0.000840 
16777216 1 0.004136 0.001442 0.001526 0.002092 0.001426 0.001400 0.001399 
33554432 1 0.007932 0.002546 0.002713 0.003966 0.002584 0.002540 0.002597 
67108864 1 0.015726 0.004839 0.005133 0.007496 0.004848 0.004845 0.004888 
134217728 1 0.031578 0.009502 0.010180 0.014857 0.009433 0.009432 0.009572
