1024 1 0.000539 0.000541 0.000549 0.000577 0.000529 0.000529 0.000552 
2048 1 0.000457 0.000554 0.000562 0.000648 0.000532 0.000603 0.000558 
4096 1 0.000464 0.000539 0.000555 0.000653 0.000531 0.000531 0.000556 
8192 1 0.000532 0.000560 0.000572 0.000594 0.000533 0.000606 0.000566 
16384 1 0.000633 0.000551 0.000633 0.000592 0.000534 0.000573 0.000558 
32768 1 0.000577 0.000579 0.000603 0.000692 0.000564 0.000627 0.000612 
65536 1 0.000613 0.000638 0.000545 0.000669 0.000437 0.000511 0.000644 
131072 1 0.000721 0.000608 0.000489 0.000535 0.000539 0.000664 0.000480 
262144 1 0.000608 0.000550 0.000571 0.000606 0.000552 0.000413 0.000568 
524288 1 0.000802 0.000284 0.000287 0.000334 0.000283 0.000270 0.000302 
1048576 1 0.000541 0.000312 0.000328 0.000391 0.000287 0.000319 0.000366 
2097152 1 0.000760 0.000420 0.000412 0.000495 0.000372 0.000374 0.000407 
4194304 1 0.001277 0.000551 0.000567 0.000701 0.000513 0.000499 0.000535 
8388608 1 0.002216 0.000843 0.000880 0.001191 0.000798 0.000788 0.000836 
16777216 1 0.004222 0.001397 0.001482 0.002050 0.001404 0.001399 0.001430 
33554432 1 0.008071 0.002536 0.002630 0.003889 0.002578 0.002529 0.002580 
67108864 1 0.015732 0.004905 0.004898 0.007346 0.004915 0.004869 0.004902 
134217728 1 0.031618 0.009484 0.009779 0.014390 0.009431 0.009408 0.009564
