1024 1 0.000208 0.000211 0.000217 0.000257 0.000215 0.000222 0.000257 
2048 1 0.000202 0.000214 0.000212 0.000252 0.000219 0.000218 0.000249 
4096 1 0.000203 0.000204 0.000211 0.000242 0.000213 0.000214 0.000244 
8192 1 0.000210 0.000204 0.000211 0.000236 0.000213 0.000213 0.000240 
16384 1 0.000209 0.000214 0.000212 0.000256 0.000217 0.000221 0.000261 
32768 1 0.000217 0.000225 0.000227 0.000270 0.000226 0.000235 0.000268 
65536 1 0.000244 0.000256 0.000252 0.000295 0.000250 0.000257 0.000293 
131072 1 0.000274 0.000302 0.000298 0.000354 0.000303 0.000307 0.000350 
262144 1 0.000347 0.000395 0.000378 0.000449 0.000378 0.000380 0.000439 
524288 1 0.000495 0.000416 0.000404 0.000487 0.000407 0.000406 0.000466 
1048576 1 0.000799 0.000460 0.000452 0.000558 0.000445 0.000450 0.000514 
2097152 1 0.001413 0.000547 0.000550 0.000691 0.000536 0.000536 0.000612 
4194304 1 0.002636 0.000785 0.000807 0.001038 0.000778 0.000763 0.000860 
8388608 1 0.005098 0.001240 0.001275 0.001689 0.001255 0.001232 0.001323 
16777216 1 0.010050 0.002312 0.002266 0.003010 0.002350 0.002289 0.002394 
33554432 1 0.019926 0.004411 0.004459 0.005538 0.004483 0.004374 0.004507 
67108864 1 0.039671 0.008536 0.008615 0.010827 0.008696 0.008500 0.008737 
134217728 1 0.079230 0.016892 0.016979 0.021071 0.017098 0.016951 0.017270
