1024 1 0.000142 0.000153 0.000152 0.000154 0.000159 0.000185 
2048 1 0.000147 0.000155 0.000161 0.000160 0.000154 0.000177 
4096 1 0.000143 0.000151 0.000151 0.000150 0.000156 0.000169 
8192 1 0.000142 0.000151 0.000149 0.000149 0.000154 0.000168 
16384 1 0.000152 0.000154 0.000157 0.000155 0.000165 0.000182 
32768 1 0.000160 0.000166 0.000170 0.000170 0.000171 0.000196 
65536 1 0.000178 0.000194 0.000195 0.000188 0.000192 0.000217 
131072 1 0.000226 0.000245 0.000242 0.000239 0.000241 0.000267 
262144 1 0.000300 0.000255 0.000254 0.000253 0.000256 0.000283 
524288 1 0.000451 0.000280 0.000284 0.000267 0.000275 0.000307 
1048576 1 0.000767 0.000330 0.000329 0.000315 0.000328 0.000359 
2097152 1 0.001384 0.000454 0.000464 0.000443 0.000446 0.000492 
4194304 1 0.002622 0.000693 0.000706 0.000691 0.000695 0.000743 
8388608 1 0.005119 0.001232 0.001222 0.001214 0.001224 0.001282 
16777216 1 0.010043 0.002240 0.002242 0.002220 0.002224 0.002329 
33554432 1 0.019992 0.004285 0.004318 0.004263 0.004281 0.004470 
67108864 1 0.039842 0.008417 0.008401 0.008389 0.008448 0.008695 
134217728 1 0.079657 0.016563 0.016644 0.016437 0.016851 0.017254
