1024 1 0.000196 0.000181 0.000184 0.000219 0.000188 0.000189 0.000220 
2048 1 0.000204 0.000188 0.000191 0.000212 0.000193 0.000188 0.000214 
4096 1 0.000198 0.000181 0.000188 0.000208 0.000190 0.000187 0.000207 
8192 1 0.000199 0.000180 0.000187 0.000204 0.000184 0.000183 0.000200 
16384 1 0.000201 0.000186 0.000187 0.000216 0.000189 0.000188 0.000222 
32768 1 0.000214 0.000195 0.000198 0.000234 0.000201 0.000203 0.000236 
65536 1 0.000226 0.000218 0.000219 0.000258 0.000218 0.000223 0.000252 
131072 1 0.000266 0.000283 0.000277 0.000315 0.000270 0.000276 0.000318 
262144 1 0.000320 0.000327 0.000315 0.000372 0.000321 0.000323 0.000366 
524288 1 0.000413 0.000345 0.000342 0.000434 0.000343 0.000362 0.000412 
1048576 1 0.000619 0.000392 0.000394 0.000515 0.000385 0.000419 0.000476 
2097152 1 0.001029 0.000506 0.000511 0.000657 0.000498 0.000504 0.000576 
4194304 1 0.001895 0.000733 0.000751 0.000968 0.000732 0.000727 0.000793 
8388608 1 0.003567 0.001227 0.001237 0.001629 0.001248 0.001220 0.001295 
16777216 1 0.006980 0.002315 0.002286 0.002941 0.002329 0.002295 0.002393 
33554432 1 0.013736 0.004288 0.004277 0.005530 0.004355 0.004224 0.004481 
67108864 1 0.027300 0.008318 0.008393 0.010708 0.008435 0.008352 0.008717 
134217728 1 0.054635 0.016490 0.016602 0.021012 0.016680 0.016549 0.017357
