1024 1 0.000159 0.000152 0.000158 0.000192 0.000154 0.000176 0.000182 
2048 1 0.000157 0.000154 0.000152 0.000177 0.000155 0.000170 0.000175 
4096 1 0.000158 0.000158 0.000160 0.000175 0.000154 0.000174 0.000170 
8192 1 0.000165 0.000156 0.000150 0.000167 0.000151 0.000165 0.000168 
16384 1 0.000173 0.000153 0.000158 0.000201 0.000159 0.000185 0.000199 
32768 1 0.000177 0.000168 0.000173 0.000221 0.000171 0.000195 0.000201 
65536 1 0.000191 0.000187 0.000187 0.000250 0.000194 0.000213 0.000219 
131072 1 0.000227 0.000239 0.000243 0.000307 0.000240 0.000261 0.000273 
262144 1 0.000280 0.000251 0.000258 0.000331 0.000251 0.000279 0.000286 
524288 1 0.000385 0.000272 0.000278 0.000366 0.000270 0.000301 0.000309 
1048576 1 0.000592 0.000316 0.000326 0.000441 0.000320 0.000353 0.000359 
2097152 1 0.001029 0.000440 0.000454 0.000638 0.000453 0.000486 0.000493 
4194304 1 0.001893 0.000685 0.000701 0.000974 0.000706 0.000734 0.000739 
8388608 1 0.003611 0.001217 0.001228 0.001611 0.001236 0.001268 0.001266 
16777216 1 0.006988 0.002210 0.002236 0.002916 0.002257 0.002307 0.002295 
33554432 1 0.013755 0.004239 0.004308 0.005527 0.004318 0.004421 0.004443 
67108864 1 0.027369 0.008342 0.008389 0.010745 0.008447 0.008657 0.008666 
134217728 1 0.054384 0.016323 0.016696 0.021077 0.016602 0.017050 0.017099
