1024 1 0.000528 0.000550 0.000562 0.000596 0.000529 0.000542 0.000562 
2048 1 0.000537 0.000615 0.000564 0.000640 0.000530 0.000544 0.000563 
4096 1 0.000543 0.000544 0.000559 0.000583 0.000534 0.000534 0.000561 
8192 1 0.000591 0.000550 0.000627 0.000598 0.000536 0.000545 0.000567 
16384 1 0.000544 0.000559 0.000615 0.000648 0.000530 0.000611 0.000635 
32768 1 0.000484 0.000589 0.000613 0.000642 0.000562 0.000561 0.000633 
65536 1 0.000635 0.000696 0.000452 0.000678 0.000649 0.000644 0.000476 
131072 1 0.000656 0.000672 0.000488 0.000433 0.000484 0.000485 0.000510 
262144 1 0.000753 0.000566 0.000446 0.000631 0.000556 0.000549 0.000488 
524288 1 0.000740 0.000499 0.000493 0.000343 0.000324 0.000268 0.000364 
1048576 1 0.000559 0.000351 0.000341 0.000464 0.000367 0.000308 0.000513 
2097152 1 0.000754 0.000409 0.000439 0.000616 0.000433 0.000411 0.000770 
4194304 1 0.001272 0.000607 0.000613 0.000956 0.000574 0.000552 0.001345 
8388608 1 0.002227 0.000854 0.001016 0.001626 0.000854 0.000864 0.002410 
16777216 1 0.004132 0.001439 0.001722 0.002882 0.001408 0.001467 0.004602 
33554432 1 0.008050 0.002619 0.003141 0.005493 0.002559 0.002594 0.009041 
67108864 1 0.015724 0.004875 0.005958 0.010617 0.004897 0.004900 0.017754 
134217728 1 0.031572 0.009816 0.011716 0.021134 0.009535 0.009853 0.035404
