1024 1 0.000161 0.000150 0.000153 0.000174 0.000159 0.000155 0.000182 
2048 1 0.000157 0.000158 0.000152 0.000170 0.000153 0.000159 0.000179 
4096 1 0.000161 0.000152 0.000153 0.000168 0.000154 0.000154 0.000173 
8192 1 0.000166 0.000158 0.000153 0.000165 0.000154 0.000157 0.000172 
16384 1 0.000175 0.000157 0.000155 0.000181 0.000159 0.000161 0.000191 
32768 1 0.000174 0.000168 0.000167 0.000187 0.000166 0.000174 0.000190 
65536 1 0.000187 0.000184 0.000186 0.000215 0.000189 0.000193 0.000217 
131072 1 0.000227 0.000235 0.000241 0.000275 0.000241 0.000246 0.000280 
262144 1 0.000285 0.000250 0.000255 0.000301 0.000256 0.000262 0.000339 
524288 1 0.000379 0.000274 0.000279 0.000346 0.000280 0.000281 0.000463 
1048576 1 0.000592 0.000321 0.000336 0.000440 0.000331 0.000334 0.000712 
2097152 1 0.001030 0.000448 0.000481 0.000685 0.000466 0.000476 0.001204 
4194304 1 0.001894 0.000688 0.000736 0.001140 0.000718 0.000728 0.002263 
8388608 1 0.003599 0.001221 0.001270 0.002028 0.001252 0.001269 0.004263 
16777216 1 0.007003 0.002229 0.002274 0.003795 0.002288 0.002291 0.008308 
33554432 1 0.013776 0.004269 0.004332 0.007330 0.004404 0.004341 0.016304 
67108864 1 0.027277 0.008427 0.008463 0.014362 0.008515 0.008493 0.032444 
134217728 1 0.054512 0.016562 0.016739 0.028387 0.017103 0.017019 0.064750
