1024 1 0.000157 0.000157 0.000153 0.000177 0.000156 0.000159 0.000186 
2048 1 0.000164 0.000158 0.000161 0.000177 0.000154 0.000158 0.000177 
4096 1 0.000159 0.000151 0.000158 0.000170 0.000159 0.000156 0.000172 
8192 1 0.000165 0.000148 0.000153 0.000170 0.000150 0.000152 0.000170 
16384 1 0.000170 0.000152 0.000157 0.000184 0.000158 0.000160 0.000185 
32768 1 0.000170 0.000163 0.000169 0.000195 0.000168 0.000171 0.000198 
65536 1 0.000188 0.000182 0.000185 0.000215 0.000189 0.000189 0.000218 
131072 1 0.000225 0.000238 0.000247 0.000271 0.000242 0.000244 0.000272 
262144 1 0.000279 0.000249 0.000252 0.000296 0.000253 0.000258 0.000282 
524288 1 0.000378 0.000269 0.000280 0.000327 0.000273 0.000277 0.000309 
1048576 1 0.000591 0.000316 0.000327 0.000394 0.000321 0.000322 0.000359 
2097152 1 0.001030 0.000443 0.000458 0.000571 0.000448 0.000450 0.000486 
4194304 1 0.001889 0.000686 0.000699 0.000886 0.000705 0.000696 0.000739 
8388608 1 0.003597 0.001212 0.001223 0.001532 0.001243 0.001211 0.001271 
16777216 1 0.006977 0.002211 0.002237 0.002738 0.002251 0.002216 0.002295 
33554432 1 0.013715 0.004243 0.004305 0.005263 0.004314 0.004233 0.004409 
67108864 1 0.027349 0.008344 0.008414 0.010159 0.008442 0.008374 0.008644 
134217728 1 0.054448 0.016329 0.016691 0.020103 0.016590 0.016576 0.017098
