1024 1 0.000840 0.000497 0.000489 0.000535 0.000699 0.000647 0.000430 
2048 1 0.000712 0.000487 0.000508 0.000534 0.000687 0.000549 0.000495 
4096 1 0.000845 0.000551 0.000507 0.000535 0.000475 0.000481 0.000495 
8192 1 0.000864 0.000503 0.000510 0.000532 0.000694 0.000482 0.000502 
16384 1 0.000743 0.000510 0.000522 0.000546 0.000474 0.000471 0.000506 
32768 1 0.000899 0.000528 0.000541 0.000578 0.000505 0.000508 0.000540 
65536 1 0.000767 0.000293 0.000331 0.000346 0.000317 0.000261 0.000279 
131072 1 0.000451 0.000283 0.000288 0.000319 0.000272 0.000275 0.000293 
262144 1 0.001029 0.000535 0.000680 0.000757 0.000636 0.000513 0.000677 
524288 1 0.001027 0.000373 0.000387 0.000432 0.000335 0.000344 0.000380 
1048576 1 0.000688 0.000419 0.000439 0.000522 0.000373 0.000413 0.000801 
2097152 1 0.000941 0.000482 0.000506 0.000638 0.000431 0.000520 0.000525 
4194304 1 0.001398 0.000646 0.000694 0.000845 0.000586 0.000627 0.000668 
8388608 1 0.002320 0.000961 0.001022 0.001324 0.000887 0.000875 0.000949 
16777216 1 0.004230 0.001505 0.001626 0.002191 0.001442 0.001407 0.001515 
33554432 1 0.007972 0.002588 0.002800 0.003916 0.002589 0.002553 0.002592 
67108864 1 0.015584 0.004806 0.005134 0.007446 0.004760 0.004741 0.004800 
134217728 1 0.031199 0.009389 0.010103 0.014742 0.009328 0.009344 0.009574
