1024 1 0.000542 0.000551 0.000561 0.000620 0.000529 0.000610 0.000556 
2048 1 0.000543 0.000558 0.000564 0.000577 0.000534 0.000535 0.000560 
4096 1 0.000545 0.000547 0.000552 0.000648 0.000538 0.000547 0.000560 
8192 1 0.000538 0.000559 0.000567 0.000593 0.000532 0.000539 0.000570 
16384 1 0.000558 0.000547 0.000566 0.000603 0.000537 0.000615 0.000580 
32768 1 0.000582 0.000579 0.000503 0.000630 0.000558 0.000575 0.000673 
65536 1 0.000614 0.000628 0.000647 0.000506 0.000617 0.000636 0.000451 
131072 1 0.000656 0.000608 0.000488 0.000501 0.000511 0.000483 0.000508 
262144 1 0.000750 0.000564 0.000551 0.000612 0.000546 0.000560 0.000439 
524288 1 0.000721 0.000280 0.000286 0.000390 0.000268 0.000328 0.000298 
1048576 1 0.000553 0.000317 0.000335 0.000400 0.000296 0.000318 0.001095 
2097152 1 0.000770 0.000410 0.000453 0.000491 0.000375 0.000397 0.000410 
4194304 1 0.001276 0.000612 0.000595 0.000746 0.000574 0.000525 0.000544 
8388608 1 0.002226 0.000872 0.000934 0.001243 0.000832 0.000805 0.000846 
16777216 1 0.004134 0.001500 0.001563 0.002170 0.001437 0.001421 0.001467 
33554432 1 0.007930 0.002641 0.002855 0.004049 0.002580 0.002519 0.002602 
67108864 1 0.015706 0.004907 0.005409 0.007738 0.004969 0.004833 0.004872 
134217728 1 0.031602 0.009722 0.010664 0.015384 0.009478 0.009564 0.009711  
