1024 1 0.000589 0.000625 0.000623 0.000506 0.000651 0.000638 0.000608 
2048 1 0.000625 0.000672 0.000622 0.000651 0.000601 0.000662 0.000652 
4096 1 0.000609 0.000608 0.000634 0.000646 0.000595 0.000601 0.000620 
8192 1 0.000593 0.000646 0.000632 0.000661 0.000577 0.000637 0.000695 
16384 1 0.000650 0.000625 0.000641 0.000484 0.000602 0.000618 0.000431 
32768 1 0.000741 0.000650 0.000496 0.000484 0.000610 0.000680 0.000507 
65536 1 0.000594 0.000677 0.000715 0.000508 0.000661 0.000511 0.000479 
131072 1 0.000563 0.000510 0.000525 0.000564 0.000511 0.000517 0.000527 
262144 1 0.000695 0.000591 0.000607 0.000662 0.000481 0.000576 0.000611 
524288 1 0.000945 0.000539 0.000321 0.000364 0.000285 0.000316 0.000318 
1048576 1 0.000649 0.000411 0.000373 0.000422 0.000322 0.000325 0.000425 
2097152 1 0.001088 0.000428 0.000502 0.000534 0.000382 0.000393 0.000423 
4194304 1 0.001798 0.000601 0.000654 0.000774 0.000547 0.000551 0.000583 
8388608 1 0.003394 0.000891 0.000979 0.001257 0.000862 0.000832 0.000889 
16777216 1 0.006430 0.001507 0.001622 0.002197 0.001445 0.001395 0.001449 
33554432 1 0.012633 0.002715 0.002887 0.004034 0.002486 0.002561 0.002549 
67108864 1 0.024926 0.004873 0.005418 0.007730 0.004808 0.004716 0.004724 
134217728 1 0.049670 0.009852 0.010662 0.015364 0.009621 0.009496 0.010046
