1024 1 0.000475 0.000491 0.000494 0.000480 0.000489 0.000488 
2048 1 0.000476 0.000490 0.000561 0.000471 0.000556 0.000495 
4096 1 0.000507 0.000489 0.000496 0.000484 0.000487 0.000499 
8192 1 0.000481 0.000535 0.000503 0.000284 0.000489 0.000506 
16384 1 0.000498 0.000497 0.000503 0.000546 0.000491 0.000504 
32768 1 0.000614 0.000558 0.000533 0.000413 0.000428 0.000552 
65536 1 0.000608 0.000567 0.000581 0.000564 0.000624 0.000633 
131072 1 0.000493 0.000629 0.000472 0.000676 0.000472 0.000646 
262144 1 0.000541 0.000543 0.000562 0.000531 0.000536 0.000527 
524288 1 0.000902 0.000706 0.000708 0.000684 0.000693 0.000697 
1048576 1 0.001159 0.000329 0.000352 0.000266 0.000284 0.000315 
2097152 1 0.001057 0.000384 0.000437 0.000345 0.000411 0.000376 
4194304 1 0.001912 0.000521 0.000592 0.000488 0.000496 0.000515 
8388608 1 0.003497 0.000876 0.000909 0.000785 0.000801 0.000806 
16777216 1 0.006878 0.001459 0.001580 0.001436 0.001424 0.001366 
33554432 1 0.013266 0.002581 0.002865 0.002634 0.002638 0.002520 
67108864 1 0.026231 0.004946 0.005464 0.004933 0.005056 0.004893 
134217728 1 0.052660 0.010151 0.010834 0.009948 0.010242 0.010312
