64 64 64 1 0.000417 0.000265 0.000229 0.000244 0.000266 0.000215 0.000203 0.000206 
128 128 128 1 0.001422 0.000801 0.000659 0.000730 0.000805 0.000607 0.000558 0.000564 
192 192 192 1 0.003008 0.001606 0.001313 0.001466 0.001635 0.001198 0.001080 0.001089 
256 256 256 1 0.006378 0.003281 0.002635 0.002982 0.003354 0.002387 0.002174 0.002187 
320 320 320 1 0.012329 0.006165 0.004897 0.005598 0.006333 0.004408 0.004045 0.004072 
384 384 384 1 0.021744 0.010642 0.008189 0.009437 0.010779 0.007285 0.006815 0.006824 
448 448 448 1 0.033357 0.016118 0.012348 0.014305 0.016418 0.010949 0.010228 0.010245 
512 512 512 1 0.047095 0.022528 0.017606 0.020365 0.023325 0.015641 0.014624 0.014663 
576 576 576 1 0.065665 0.031173 0.024310 0.028198 0.032334 0.021575 0.020241 0.020315 
640 640 640 1 0.089753 0.042286 0.032996 0.038326 0.044052 0.029204 0.027471 0.027603 
704 704 704 1 0.119844 0.055784 0.043161 0.050416 0.058209 0.038146 0.036044 0.036169 
768 768 768 1 0.154614 0.071954 0.055341 0.064683 0.074716 0.048787 0.046096 0.046314 
832 832 832 1 0.192762 0.089355 0.069733 0.081366 0.093812 0.061540 0.058240 0.058487 
896 896 896 1 0.242519 0.111054 0.086331 0.101025 0.116820 0.075949 0.071938 0.072278 
960 960 960 1 0.296592 0.134707 0.105404 0.123565 0.142956 0.092811 0.088754 0.088454 
1024 1024 1024 1 0.355692 0.163114 0.127851 0.149629 0.172879 0.111793 0.107018 0.106728 
1088 1088 1088 1 0.426790 0.195631 0.151077 0.178386 0.206202 0.132814 0.128238 0.127026 
1152 1152 1152 1 0.504311 0.229846 0.179591 0.211400 0.244476 0.157842 0.151898 0.151844 
1216 1216 1216 1 0.595271 0.270071 0.210792 0.246895 0.286223 0.184736 0.178897 0.177034 
1280 1280 1280 1 0.692954 0.313968 0.245025 0.287158 0.332734 0.215112 0.207807 0.205583 
1344 1344 1344 1 0.797649 0.361716 0.281757 0.330779 0.384781 0.247640 0.238633 0.237292 
1408 1408 1408 1 0.918523 0.414238 0.322728 0.380726 0.440765 0.282195 0.273018 0.273207 
1472 1472 1472 1 1.047846 0.470951 0.368906 0.434403 0.501493 0.321971 0.311487 0.310293 
1536 1536 1536 1 1.186052 0.533364 0.417455 0.491217 0.568986 0.365825 0.354205 0.352729 
1600 1600 1600 1 1.339049 0.600152 0.470720 0.554022 0.642059 0.412396 0.399112 0.397599 
1664 1664 1664 1 1.507882 0.674622 0.529372 0.622704 0.722093 0.461379 0.446438 0.447095 
1728 1728 1728 1 1.684976 0.755195 0.590503 0.695378 0.806522 0.516951 0.500497 0.499389 
1792 1792 1792 1 1.878630 0.838732 0.659349 0.774474 0.898825 0.576023 0.557392 0.556236 
1856 1856 1856 1 2.084254 0.931623 0.730760 0.861773 1.000460 0.636750 0.616940 0.619871 
1920 1920 1920 1 2.302512 1.027786 0.807604 0.951434 1.104744 0.705079 0.681979 0.684986 
1984 1984 1984 1 2.544563 1.133446 0.889288 1.050273 1.215797 0.775966 0.751672 0.755236 
2048 2048 2048 1 2.789544 1.244172 0.977215 1.156311 1.344655 0.855626 0.827265 0.828939
