64 64 64 1 0.001159 0.000547 0.000617 0.000623 0.000477 0.000510 0.000479 0.000520 
128 128 128 1 0.001177 0.000426 0.000441 0.000429 0.000994 0.000446 0.000413 0.000354 
192 192 192 1 0.003718 0.001157 0.001161 0.001347 0.001562 0.001274 0.001067 0.001168 
256 256 256 1 0.006998 0.002112 0.002222 0.002567 0.002916 0.002369 0.002188 0.002153 
320 320 320 1 0.013719 0.003979 0.004085 0.004875 0.005674 0.004410 0.004256 0.004360 
384 384 384 1 0.022124 0.006143 0.006880 0.007691 0.009209 0.007198 0.006750 0.006918 
448 448 448 1 0.035353 0.009678 0.010218 0.012239 0.014345 0.011168 0.010738 0.011036 
512 512 512 1 0.051236 0.014052 0.015599 0.017544 0.020970 0.016340 0.015454 0.016159 
576 576 576 1 0.073340 0.019864 0.021007 0.025158 0.029338 0.022944 0.022233 0.022905 
640 640 640 1 0.099176 0.026557 0.029541 0.033405 0.040015 0.031179 0.029791 0.031019 
704 704 704 1 0.132491 0.035456 0.037505 0.044930 0.052629 0.041252 0.040043 0.041459 
768 768 768 1 0.170527 0.045586 0.050772 0.057304 0.068660 0.053362 0.051374 0.053539 
832 832 832 1 0.217325 0.057780 0.061096 0.073101 0.086005 0.067254 0.065853 0.068159 
896 896 896 1 0.269569 0.071339 0.079144 0.089983 0.107580 0.083695 0.080962 0.084405 
960 960 960 1 0.332222 0.087814 0.092913 0.111395 0.130929 0.102469 0.100688 0.104200 
1024 1024 1024 1 0.401408 0.106861 0.118820 0.134340 0.160879 0.125060 0.121622 0.126283 
1088 1088 1088 1 0.482286 0.126948 0.134344 0.160993 0.189604 0.148500 0.146146 0.151601 
1152 1152 1152 1 0.570509 0.150785 0.166395 0.189532 0.226589 0.176556 0.172294 0.179718 
1216 1216 1216 1 0.671421 0.177046 0.187489 0.224277 0.263508 0.206799 0.204017 0.211603 
1280 1280 1280 1 0.781544 0.205486 0.229656 0.259605 0.311098 0.241794 0.235651 0.245892 
1344 1344 1344 1 0.905332 0.237687 0.251595 0.300980 0.355299 0.277914 0.274428 0.285108 
1408 1408 1408 1 1.039480 0.273282 0.301954 0.343974 0.411290 0.320225 0.313842 0.327698 
1472 1472 1472 1 1.188049 0.311622 0.329860 0.394196 0.465702 0.364328 0.359984 0.374342 
1536 1536 1536 1 1.348184 0.355773 0.395023 0.447490 0.535447 0.416784 0.409125 0.425327 
1600 1600 1600 1 1.524806 0.398941 0.422398 0.504821 0.596365 0.466520 0.461794 0.480409 
1664 1664 1664 1 1.713967 0.449377 0.496820 0.565686 0.676699 0.526725 0.517881 0.540646 
1728 1728 1728 1 1.919271 0.501965 0.531274 0.634923 0.750572 0.587133 0.581487 0.605099 
1792 1792 1792 1 2.138926 0.559559 0.624595 0.706715 0.846589 0.658203 0.645716 0.674662 
1856 1856 1856 1 2.373564 0.621595 0.658040 0.785756 0.929212 0.727188 0.720379 0.750102 
1920 1920 1920 1 2.626264 0.688664 0.759738 0.867204 1.035814 0.807201 0.795586 0.830898 
1984 1984 1984 1 2.898438 0.758188 0.802557 0.958248 1.134925 0.886995 0.879677 0.915814 
2048 2048 2048 1 3.194540 0.836309 0.929974 1.053142 1.262596 0.981183 0.966927 1.009360
