64 64 64 1 0.000417 0.000265 0.000283 0.000270 0.000206 0.000211 0.000209 
128 128 128 1 0.001426 0.000819 0.000854 0.000824 0.000574 0.000581 0.000583 
192 192 192 1 0.003003 0.001633 0.001717 0.001677 0.001119 0.001130 0.001129 
256 256 256 1 0.006374 0.003336 0.003523 0.003455 0.002245 0.002290 0.002278 
320 320 320 1 0.012341 0.006287 0.006664 0.006520 0.004162 0.004275 0.004252 
384 384 384 1 0.021761 0.010861 0.011541 0.011154 0.006920 0.007227 0.007171 
448 448 448 1 0.033314 0.016419 0.017445 0.016935 0.010414 0.010902 0.010812 
512 512 512 1 0.047151 0.022980 0.024435 0.024112 0.014925 0.015529 0.015408 
576 576 576 1 0.065686 0.031782 0.033851 0.033454 0.020579 0.021456 0.021301 
640 640 640 1 0.089891 0.043170 0.046010 0.045526 0.027919 0.029173 0.028966 
704 704 704 1 0.120291 0.057425 0.061233 0.060260 0.036523 0.038214 0.038023 
768 768 768 1 0.154133 0.072695 0.077577 0.077351 0.046769 0.049070 0.048698 
832 832 832 1 0.192925 0.092080 0.098292 0.096898 0.059117 0.061920 0.061137 
896 896 896 1 0.242554 0.113272 0.120559 0.120978 0.072964 0.076547 0.076073 
960 960 960 1 0.296066 0.138426 0.147800 0.148097 0.089313 0.094059 0.093055 
1024 1024 1024 1 0.355702 0.168013 0.179392 0.179071 0.107553 0.113654 0.112997 
1088 1088 1088 1 0.429347 0.199971 0.213672 0.213583 0.128414 0.136053 0.134755 
1152 1152 1152 1 0.504294 0.235477 0.251500 0.253248 0.153076 0.160678 0.159720 
1216 1216 1216 1 0.595281 0.276021 0.295464 0.296538 0.178545 0.188653 0.186623 
1280 1280 1280 1 0.692737 0.319547 0.343170 0.344969 0.207644 0.221079 0.216792 
1344 1344 1344 1 0.797067 0.369822 0.396410 0.398674 0.238962 0.253987 0.251110 
1408 1408 1408 1 0.919795 0.422821 0.452941 0.456647 0.272940 0.290688 0.286201 
1472 1472 1472 1 1.046852 0.481775 0.516927 0.521162 0.313457 0.331606 0.328214 
1536 1536 1536 1 1.186308 0.544847 0.585583 0.594611 0.352920 0.377114 0.371458 
1600 1600 1600 1 1.339559 0.614541 0.659187 0.667826 0.398532 0.425037 0.418746 
1664 1664 1664 1 1.506434 0.687720 0.739560 0.749328 0.449133 0.475383 0.472647 
1728 1728 1728 1 1.682368 0.769503 0.826598 0.835763 0.499830 0.533378 0.525899 
1792 1792 1792 1 1.876725 0.857973 0.921067 0.938418 0.557103 0.593762 0.590467 
1856 1856 1856 1 2.082693 0.949806 1.019936 1.036099 0.616352 0.657410 0.653445 
1920 1920 1920 1 2.305825 1.054633 1.129516 1.146287 0.685215 0.726419 0.721353 
1984 1984 1984 1 2.543247 1.158047 1.242035 1.266518 0.753534 0.801296 0.796447 
2048 2048 2048 1 2.790311 1.270983 1.364831 1.394070 0.830365 0.881884 0.876612
