128 128 128 1 0.001153 0.001145 0.001096 0.001310 0.001198 0.001125 0.001122 0.001227 
192 192 192 1 0.003820 0.003452 0.003488 0.004053 0.003956 0.003455 0.003425 0.003641 
256 256 256 1 0.006930 0.007103 0.007362 0.008320 0.007992 0.007012 0.007011 0.007489 
320 320 320 1 0.013733 0.013976 0.014322 0.016385 0.015603 0.013925 0.013785 0.014567 
384 384 384 1 0.022114 0.022826 0.023579 0.026866 0.025773 0.022888 0.022506 0.023916 
448 448 448 1 0.035344 0.036620 0.037898 0.043144 0.041283 0.036652 0.036037 0.038390 
512 512 512 1 0.051315 0.053571 0.055232 0.063020 0.060148 0.053622 0.052584 0.056168 
576 576 576 1 0.073303 0.076447 0.078874 0.090124 0.086002 0.076538 0.075193 0.080090 
640 640 640 1 0.099180 0.103202 0.106581 0.122117 0.116184 0.103326 0.101512 0.108546 
704 704 704 1 0.132475 0.138076 0.142530 0.163321 0.155351 0.138165 0.135743 0.144703 
768 768 768 1 0.170522 0.178351 0.184381 0.210713 0.201223 0.178214 0.174755 0.187286 
832 832 832 1 0.217320 0.226527 0.234612 0.268558 0.255667 0.226467 0.222570 0.238115 
896 896 896 1 0.269490 0.281170 0.291026 0.333663 0.317040 0.281119 0.275986 0.295483 
960 960 960 1 0.332204 0.346594 0.358697 0.411054 0.390892 0.346535 0.340450 0.364160 
1024 1024 1024 1 0.401369 0.420359 0.434471 0.497637 0.474088 0.419971 0.411746 0.440529 
1088 1088 1088 1 0.482232 0.503560 0.520779 0.596750 0.567214 0.503337 0.494704 0.529740 
1152 1152 1152 1 0.570403 0.595664 0.615957 0.707351 0.671012 0.595530 0.585067 0.626156 
1216 1216 1216 1 0.671795 0.701877 0.725649 0.832005 0.790254 0.701403 0.689413 0.737379 
1280 1280 1280 1 0.781702 0.818942 0.845216 0.969831 0.922615 0.817834 0.801633 0.858055 
1344 1344 1344 1 0.905546 0.945226 0.977311 1.121000 1.064614 0.944743 0.928387 0.995059 
1408 1408 1408 1 1.039201 1.084605 1.121438 1.289505 1.221483 1.084073 1.064996 1.140630 
1472 1472 1472 1 1.187617 1.240627 1.284309 1.471351 1.397514 1.239159 1.217937 1.306067 
1536 1536 1536 1 1.348594 1.413185 1.460524 1.673842 1.592547 1.410592 1.383154 1.481719 
1600 1600 1600 1 1.524970 1.591092 1.647105 1.889838 1.792520 1.588954 1.561876 1.674372 
1664 1664 1664 1 1.712921 1.788784 1.851220 2.126452 2.014653 1.786691 1.754761 1.878504 
1728 1728 1728 1 1.919606 2.002992 2.072788 2.378851 2.255553 1.999885 1.965486 2.108318 
1792 1792 1792 1 2.138431 2.240518 2.315125 2.656763 2.524155 2.238299 2.191611 2.346576 
1856 1856 1856 1 2.374956 2.480290 2.567156 2.946790 2.792508 2.479470 2.434133 2.611838 
1920 1920 1920 1 2.626455 2.743628 2.839715 3.263602 3.090344 2.743428 2.692323 2.889936 
1984 1984 1984 1 2.899659 3.027469 3.132888 3.599552 3.408433 3.026266 2.970714 3.185921 
2048 2048 2048 1 3.193885 3.340048 3.451959 3.957443 3.762804 3.337685 3.268020 3.505807
