64 64 64 1 0.001088 0.000186 0.000246 0.000277 0.000462 0.000513 0.000479 0.000518 
128 128 128 1 0.001179 0.000365 0.000456 0.000431 0.000958 0.000445 0.000418 0.000352 
192 192 192 1 0.003600 0.001144 0.001160 0.001284 0.001563 0.001349 0.001154 0.001189 
256 256 256 1 0.006822 0.002201 0.002312 0.002567 0.003003 0.002438 0.002180 0.002211 
320 320 320 1 0.013615 0.003874 0.004172 0.004874 0.005656 0.004502 0.004282 0.004267 
384 384 384 1 0.022100 0.006180 0.006830 0.007763 0.009112 0.007204 0.006759 0.007007 
448 448 448 1 0.035361 0.009708 0.010227 0.012284 0.014344 0.011147 0.010718 0.010984 
512 512 512 1 0.051306 0.014048 0.015668 0.017644 0.021084 0.016336 0.015561 0.016151 
576 576 576 1 0.073400 0.019876 0.020933 0.025108 0.029370 0.022925 0.022266 0.022875 
640 640 640 1 0.099089 0.026644 0.029464 0.033426 0.040056 0.031185 0.029789 0.031020 
704 704 704 1 0.132475 0.035368 0.037552 0.044849 0.052496 0.041183 0.040202 0.041555 
768 768 768 1 0.170508 0.045577 0.050791 0.057282 0.068688 0.053378 0.051376 0.053459 
832 832 832 1 0.217346 0.057774 0.061109 0.073085 0.086066 0.067324 0.065856 0.068140 
896 896 896 1 0.269460 0.071272 0.079144 0.089995 0.107561 0.083778 0.080970 0.084382 
960 960 960 1 0.332183 0.087865 0.092917 0.111401 0.130980 0.102505 0.100731 0.104261 
1024 1024 1024 1 0.401367 0.106870 0.118842 0.134303 0.160872 0.125080 0.121723 0.126878 
1088 1088 1088 1 0.482058 0.126961 0.134398 0.161000 0.189786 0.148209 0.146145 0.151603 
1152 1152 1152 1 0.570446 0.150412 0.166362 0.189581 0.226610 0.176508 0.172279 0.179787 
1216 1216 1216 1 0.671398 0.177103 0.187508 0.224260 0.263927 0.206823 0.203930 0.211693 
1280 1280 1280 1 0.781716 0.205619 0.229643 0.259604 0.311006 0.241762 0.235692 0.245927 
1344 1344 1344 1 0.905523 0.237859 0.251367 0.301027 0.355373 0.277986 0.274490 0.285104 
1408 1408 1408 1 1.039512 0.273303 0.301934 0.344013 0.411363 0.320257 0.313915 0.327734 
1472 1472 1472 1 1.189067 0.311643 0.329959 0.394239 0.465669 0.364333 0.359984 0.374359 
1536 1536 1536 1 1.348668 0.355642 0.395069 0.447482 0.535404 0.416763 0.409051 0.425458 
1600 1600 1600 1 1.525218 0.399023 0.422455 0.504812 0.596394 0.466544 0.461744 0.480494 
1664 1664 1664 1 1.713926 0.449380 0.496807 0.565686 0.676687 0.526694 0.517645 0.540603 
1728 1728 1728 1 1.915016 0.502050 0.531532 0.634911 0.751392 0.587125 0.581508 0.605093 
1792 1792 1792 1 2.140304 0.560392 0.624493 0.706725 0.846585 0.658238 0.647190 0.674537 
1856 1856 1856 1 2.376146 0.621630 0.658226 0.785740 0.929121 0.727260 0.720484 0.750086 
1920 1920 1920 1 2.626793 0.688643 0.754750 0.867270 1.035797 0.807187 0.795635 0.830936 
1984 1984 1984 1 2.898321 0.758194 0.802722 0.958263 1.134957 0.887058 0.879588 0.915734 
2048 2048 2048 1 3.193912 0.836192 0.930048 1.053118 1.262515 0.981214 0.966556 1.009530
