64 64 64 1 0.001142 0.000252 0.000189 0.000233 0.000705 0.000464 0.000478 0.000456 
128 128 128 1 0.001157 0.000365 0.000390 0.000432 0.001028 0.000671 0.000618 0.000356 
192 192 192 1 0.003689 0.001239 0.001160 0.001358 0.001455 0.001057 0.001134 0.001160 
256 256 256 1 0.006898 0.002082 0.002209 0.002636 0.003000 0.002152 0.002155 0.002131 
320 320 320 1 0.013732 0.003977 0.004165 0.004858 0.005592 0.004067 0.004083 0.004238 
384 384 384 1 0.022121 0.006173 0.006899 0.007777 0.009158 0.006425 0.006482 0.006779 
448 448 448 1 0.035335 0.009694 0.010215 0.012258 0.014327 0.010149 0.010139 0.010552 
512 512 512 1 0.051322 0.014065 0.015601 0.017561 0.021035 0.014804 0.014736 0.015408 
576 576 576 1 0.073319 0.019869 0.020996 0.025081 0.029279 0.020886 0.020864 0.021731 
640 640 640 1 0.099090 0.026576 0.029536 0.033399 0.040060 0.028034 0.028105 0.029344 
704 704 704 1 0.132456 0.035431 0.037517 0.044933 0.052540 0.037477 0.037564 0.039138 
768 768 768 1 0.170510 0.045541 0.050734 0.057283 0.068700 0.048233 0.048316 0.050360 
832 832 832 1 0.217358 0.057756 0.061110 0.073181 0.085853 0.061251 0.061393 0.064010 
896 896 896 1 0.269544 0.071290 0.079049 0.089987 0.107572 0.075766 0.075916 0.079119 
960 960 960 1 0.332190 0.087835 0.092942 0.111385 0.131020 0.093307 0.093502 0.097424 
1024 1024 1024 1 0.401437 0.106322 0.118808 0.134336 0.160861 0.113417 0.113825 0.118595 
1088 1088 1088 1 0.482270 0.126999 0.134400 0.161091 0.189591 0.135218 0.135525 0.141051 
1152 1152 1152 1 0.570447 0.150481 0.166371 0.189583 0.226611 0.160401 0.160232 0.167034 
1216 1216 1216 1 0.671934 0.177099 0.187526 0.224262 0.263842 0.188706 0.189138 0.197029 
1280 1280 1280 1 0.781616 0.205499 0.229606 0.259599 0.311046 0.219145 0.219527 0.228703 
1344 1344 1344 1 0.904937 0.237365 0.251267 0.301019 0.355283 0.253624 0.254253 0.264500 
1408 1408 1408 1 1.039737 0.273290 0.301938 0.344014 0.411301 0.291052 0.291345 0.304434 
1472 1472 1472 1 1.187919 0.311620 0.329963 0.394253 0.465792 0.332677 0.333368 0.347154 
1536 1536 1536 1 1.348635 0.355760 0.395039 0.447438 0.535375 0.378126 0.378590 0.396129 
1600 1600 1600 1 1.524393 0.398905 0.422422 0.504838 0.596561 0.426565 0.427182 0.445356 
1664 1664 1664 1 1.713935 0.449346 0.496700 0.565700 0.676619 0.479581 0.479610 0.501220 
1728 1728 1728 1 1.916319 0.502022 0.531374 0.634896 0.751442 0.536642 0.537944 0.559912 
1792 1792 1792 1 2.137743 0.559368 0.624457 0.706746 0.846593 0.598276 0.601789 0.624404 
1856 1856 1856 1 2.377053 0.621622 0.658174 0.785716 0.928765 0.664710 0.666637 0.693917 
1920 1920 1920 1 2.626688 0.688712 0.759701 0.867170 1.035840 0.735614 0.735201 0.768896 
1984 1984 1984 1 2.897796 0.758182 0.802591 0.958288 1.134925 0.811011 0.813156 0.846578 
2048 2048 2048 1 3.190800 0.836016 0.929968 1.053090 1.262493 0.893290 0.896379 0.933402
