64 64 64 1 0.000421 0.000266 0.000234 0.000305 0.000225 0.000222 0.000230 
128 128 128 1 0.001423 0.000803 0.000690 0.000962 0.000655 0.000645 0.000651 
192 192 192 1 0.003003 0.001603 0.001379 0.001988 0.001302 0.001278 0.001286 
256 256 256 1 0.006375 0.003274 0.002779 0.004139 0.002616 0.002565 0.002583 
320 320 320 1 0.012350 0.006179 0.005195 0.007906 0.004855 0.004761 0.004792 
384 384 384 1 0.021751 0.010668 0.008724 0.013561 0.008126 0.007994 0.008041 
448 448 448 1 0.033327 0.016117 0.013209 0.020739 0.012242 0.012027 0.012119 
512 512 512 1 0.047153 0.022542 0.018797 0.029617 0.017487 0.017123 0.017171 
576 576 576 1 0.065642 0.031142 0.025999 0.041196 0.024161 0.023626 0.023754 
640 640 640 1 0.089749 0.042295 0.035278 0.056239 0.032781 0.032050 0.032217 
704 704 704 1 0.120194 0.055798 0.046307 0.074604 0.042946 0.041955 0.042192 
768 768 768 1 0.154590 0.071944 0.059338 0.095930 0.055013 0.053763 0.054012 
832 832 832 1 0.192676 0.089334 0.074749 0.120395 0.069310 0.067708 0.067979 
896 896 896 1 0.241852 0.110854 0.092691 0.150445 0.085726 0.083710 0.084117 
960 960 960 1 0.296543 0.134987 0.113355 0.184281 0.104724 0.102339 0.102767 
1024 1024 1024 1 0.355733 0.163888 0.136379 0.222645 0.127031 0.124006 0.124517 
1088 1088 1088 1 0.429495 0.195466 0.163653 0.265802 0.151335 0.147725 0.148314 
1152 1152 1152 1 0.504419 0.229839 0.193840 0.314935 0.179309 0.174909 0.175574 
1216 1216 1216 1 0.594933 0.270023 0.226411 0.370002 0.209003 0.204239 0.204983 
1280 1280 1280 1 0.692585 0.313671 0.263370 0.430466 0.243382 0.237361 0.238288 
1344 1344 1344 1 0.797768 0.363377 0.303056 0.495775 0.281212 0.274672 0.274472 
1408 1408 1408 1 0.919723 0.415151 0.348991 0.569962 0.322156 0.314385 0.315561 
1472 1472 1472 1 1.049327 0.471394 0.395993 0.649440 0.367386 0.358504 0.359891 
1536 1536 1536 1 1.187254 0.534550 0.450038 0.737404 0.414887 0.409162 0.408204 
1600 1600 1600 1 1.339774 0.602727 0.507250 0.831673 0.468144 0.460806 0.458668 
1664 1664 1664 1 1.507552 0.677027 0.567505 0.935229 0.524258 0.515408 0.515616 
1728 1728 1728 1 1.683746 0.755653 0.635691 1.045322 0.587468 0.577818 0.575600 
1792 1792 1792 1 1.877004 0.840238 0.708072 1.164701 0.653260 0.643129 0.645554 
1856 1856 1856 1 2.085592 0.933228 0.785998 1.294931 0.726004 0.711676 0.714434 
1920 1920 1920 1 2.303973 1.028159 0.869421 1.431560 0.799592 0.786113 0.789166 
1984 1984 1984 1 2.543450 1.133526 0.958081 1.579407 0.882057 0.866592 0.870136 
2048 2048 2048 1 2.791314 1.242466 1.051952 1.733776 0.969404 0.953770 0.957389
