64 64 64 1 0.000418 0.000325 0.000337 0.000357 0.000336 0.000283 0.000281 0.000280 
128 128 128 1 0.001425 0.001036 0.001081 0.001153 0.001082 0.000890 0.000880 0.000866 
192 192 192 1 0.003004 0.002119 0.002213 0.002372 0.002255 0.001837 0.001806 0.001775 
256 256 256 1 0.006375 0.004409 0.004612 0.004965 0.004734 0.003805 0.003734 0.003665 
320 320 320 1 0.012337 0.008410 0.008816 0.009514 0.009103 0.007247 0.007101 0.006961 
384 384 384 1 0.021730 0.014672 0.015393 0.016647 0.015805 0.012417 0.012204 0.011952 
448 448 448 1 0.033343 0.022325 0.023478 0.025409 0.024164 0.018949 0.018592 0.018194 
512 512 512 1 0.047101 0.031375 0.033008 0.035760 0.034463 0.027048 0.026424 0.025896 
576 576 576 1 0.065647 0.043545 0.045874 0.049715 0.048045 0.037601 0.036762 0.035965 
640 640 640 1 0.089739 0.059298 0.062426 0.067762 0.065646 0.051280 0.050123 0.049061 
704 704 704 1 0.120283 0.079169 0.083450 0.090637 0.087407 0.067976 0.066459 0.065065 
768 768 768 1 0.154757 0.101643 0.107178 0.116417 0.112443 0.087387 0.085359 0.083514 
832 832 832 1 0.192725 0.126310 0.133239 0.144799 0.141040 0.109502 0.107152 0.104905 
896 896 896 1 0.241843 0.157559 0.166480 0.181112 0.176606 0.137017 0.133819 0.130820 
960 960 960 1 0.296079 0.192526 0.203556 0.221481 0.216495 0.167751 0.163863 0.160192 
1024 1024 1024 1 0.355738 0.231946 0.244612 0.266198 0.260406 0.201963 0.197962 0.193643 
1088 1088 1088 1 0.428725 0.278559 0.294657 0.320759 0.311259 0.242158 0.236039 0.231065 
1152 1152 1152 1 0.504403 0.326715 0.345541 0.376314 0.369229 0.285978 0.280293 0.274265 
1216 1216 1216 1 0.594754 0.384354 0.407615 0.443672 0.435335 0.336777 0.328757 0.322723 
1280 1280 1280 1 0.693000 0.447080 0.473323 0.515553 0.506833 0.391684 0.382506 0.373703 
1344 1344 1344 1 0.797086 0.516581 0.544936 0.593009 0.583249 0.452589 0.442254 0.433741 
1408 1408 1408 1 0.919109 0.592184 0.627638 0.682547 0.669425 0.517587 0.508381 0.495502 
1472 1472 1472 1 1.046852 0.677581 0.715149 0.778444 0.763574 0.592566 0.578155 0.567088 
1536 1536 1536 1 1.187638 0.766567 0.810068 0.883313 0.868916 0.672158 0.660255 0.644955 
1600 1600 1600 1 1.338743 0.864591 0.912127 0.994130 0.980602 0.756983 0.744696 0.727497 
1664 1664 1664 1 1.506018 0.970619 1.025888 1.116639 1.099196 0.851624 0.833478 0.814057 
1728 1728 1728 1 1.685196 1.087830 1.148891 1.251420 1.233426 0.951310 0.935109 0.913426 
1792 1792 1792 1 1.877548 1.211108 1.279535 1.394904 1.375201 1.060352 1.042183 1.013623 
1856 1856 1856 1 2.085016 1.343174 1.418319 1.545338 1.525853 1.179698 1.153760 1.126769 
1920 1920 1920 1 2.304391 1.487093 1.571843 1.711483 1.687624 1.303389 1.275166 1.245242 
1984 1984 1984 1 2.540332 1.632909 1.728195 1.883495 1.861100 1.434689 1.406811 1.373687 
2048 2048 2048 1 2.790182 1.795638 1.903532 2.073131 2.051105 1.578472 1.548648 1.512219
