64 64 64 1 0.000416 0.000272 0.000226 0.000244 0.000266 0.000215 0.000203 0.000203 
128 128 128 1 0.001423 0.000803 0.000660 0.000729 0.000805 0.000610 0.000559 0.000565 
192 192 192 1 0.003002 0.001603 0.001312 0.001468 0.001635 0.001199 0.001082 0.001089 
256 256 256 1 0.006371 0.003279 0.002634 0.002986 0.003357 0.002389 0.002174 0.002191 
320 320 320 1 0.012340 0.006170 0.004890 0.005588 0.006337 0.004403 0.004046 0.004067 
384 384 384 1 0.021757 0.010664 0.008181 0.009433 0.010770 0.007297 0.006831 0.006819 
448 448 448 1 0.033332 0.016111 0.012328 0.014288 0.016384 0.010955 0.010266 0.010267 
512 512 512 1 0.047088 0.022510 0.017615 0.020368 0.023329 0.015643 0.014635 0.014697 
576 576 576 1 0.065760 0.031169 0.024319 0.028187 0.032344 0.021569 0.020233 0.020304 
640 640 640 1 0.089849 0.042325 0.032984 0.038311 0.043921 0.029232 0.027469 0.027608 
704 704 704 1 0.120116 0.055693 0.043217 0.050425 0.058210 0.038117 0.035963 0.036144 
768 768 768 1 0.154176 0.071278 0.055283 0.064696 0.074666 0.048787 0.046128 0.046335 
832 832 832 1 0.192819 0.089393 0.069743 0.081355 0.093800 0.061517 0.058243 0.058472 
896 896 896 1 0.241630 0.110869 0.086236 0.101025 0.116847 0.075939 0.071882 0.072285 
960 960 960 1 0.296657 0.135475 0.105501 0.123559 0.142984 0.092812 0.088433 0.088433 
1024 1024 1024 1 0.355741 0.163888 0.126815 0.149610 0.172873 0.111651 0.106964 0.106905 
1088 1088 1088 1 0.429533 0.195613 0.152393 0.177340 0.205186 0.134127 0.128266 0.128130 
1152 1152 1152 1 0.504989 0.230181 0.179505 0.211400 0.243312 0.157577 0.151867 0.151132 
1216 1216 1216 1 0.595122 0.270095 0.210467 0.246940 0.286213 0.184496 0.178931 0.176945 
1280 1280 1280 1 0.692842 0.313815 0.244782 0.287161 0.332723 0.214882 0.205011 0.205948 
1344 1344 1344 1 0.797888 0.363427 0.281680 0.332041 0.383816 0.247833 0.238619 0.237370 
1408 1408 1408 1 0.919668 0.413337 0.323026 0.378464 0.440698 0.282594 0.273131 0.273187 
1472 1472 1472 1 1.048447 0.471809 0.368456 0.432465 0.503135 0.324265 0.311565 0.310378 
1536 1536 1536 1 1.187440 0.534796 0.417117 0.491146 0.569131 0.365407 0.354226 0.352704 
1600 1600 1600 1 1.338231 0.601496 0.470884 0.552944 0.641913 0.411596 0.399133 0.396053 
1664 1664 1664 1 1.507307 0.675652 0.528281 0.622737 0.722147 0.463614 0.446320 0.448519 
1728 1728 1728 1 1.684376 0.755960 0.589921 0.695419 0.806599 0.516888 0.500609 0.499194 
1792 1792 1792 1 1.876509 0.839865 0.657109 0.774810 0.898737 0.575440 0.557489 0.556153 
1856 1856 1856 1 2.085770 0.932480 0.732141 0.857933 0.999235 0.636926 0.617057 0.620031 
1920 1920 1920 1 2.303765 1.030055 0.807433 0.948543 1.104855 0.704524 0.681745 0.682931 
1984 1984 1984 1 2.544147 1.133556 0.888522 1.050180 1.218991 0.776809 0.751679 0.753075 
2048 2048 2048 1 2.791132 1.243597 0.978314 1.152742 1.341476 0.855500 0.827405 0.830986
