64 64 64 1 0.000424 0.000273 0.000287 0.000281 0.000326 0.000234 0.000319 0.000249 
128 128 128 1 0.001425 0.000818 0.000883 0.000866 0.001018 0.000680 0.001007 0.000734 
192 192 192 1 0.003004 0.001634 0.001780 0.001775 0.002116 0.001358 0.002089 0.001471 
256 256 256 1 0.006377 0.003339 0.003660 0.003663 0.004414 0.002743 0.004373 0.002997 
320 320 320 1 0.012335 0.006283 0.006929 0.006955 0.008457 0.005117 0.008381 0.005627 
384 384 384 1 0.021737 0.010852 0.012025 0.011883 0.014597 0.008555 0.014558 0.009572 
448 448 448 1 0.033353 0.016421 0.018248 0.018133 0.022350 0.012961 0.022181 0.014428 
512 512 512 1 0.047082 0.022958 0.025534 0.025826 0.031825 0.018480 0.031595 0.020532 
576 576 576 1 0.065673 0.031758 0.035408 0.035857 0.044275 0.025546 0.043995 0.028401 
640 640 640 1 0.089723 0.042805 0.048119 0.048921 0.060515 0.034695 0.060143 0.038662 
704 704 704 1 0.120213 0.056850 0.063731 0.064758 0.080426 0.045521 0.079892 0.050932 
768 768 768 1 0.154622 0.072755 0.081367 0.083112 0.103335 0.058326 0.102662 0.065334 
832 832 832 1 0.192928 0.092024 0.102214 0.104464 0.129687 0.073448 0.128896 0.082041 
896 896 896 1 0.242521 0.113195 0.126513 0.130270 0.162223 0.091004 0.161184 0.101895 
960 960 960 1 0.296754 0.138502 0.154953 0.159537 0.198787 0.111299 0.198477 0.124680 
1024 1024 1024 1 0.355897 0.168233 0.186965 0.192877 0.240018 0.134863 0.238586 0.150810 
1088 1088 1088 1 0.429915 0.200277 0.224398 0.229185 0.286013 0.159778 0.285092 0.179752 
1152 1152 1152 1 0.504281 0.235538 0.263410 0.273026 0.340178 0.190447 0.339378 0.213158 
1216 1216 1216 1 0.595425 0.275272 0.308916 0.319816 0.399343 0.222325 0.400380 0.251167 
1280 1280 1280 1 0.692662 0.319291 0.359078 0.371996 0.464762 0.258565 0.465630 0.289455 
1344 1344 1344 1 0.797821 0.371274 0.417576 0.430174 0.535789 0.297179 0.533492 0.334924 
1408 1408 1408 1 0.918367 0.421274 0.474318 0.492787 0.615003 0.342325 0.613515 0.382802 
1472 1472 1472 1 1.046895 0.479524 0.541200 0.562642 0.701360 0.389176 0.700614 0.437604 
1536 1536 1536 1 1.187767 0.546571 0.616029 0.636588 0.796972 0.440934 0.797206 0.499797 
1600 1600 1600 1 1.340749 0.615048 0.693574 0.718182 0.899003 0.497593 0.899379 0.563120 
1664 1664 1664 1 1.505646 0.689186 0.777093 0.808678 1.009687 0.557804 1.006972 0.630060 
1728 1728 1728 1 1.682380 0.773965 0.871066 0.902759 1.129272 0.624219 1.129865 0.706434 
1792 1792 1792 1 1.876691 0.857931 0.967442 1.006087 1.260281 0.693652 1.259165 0.786780 
1856 1856 1856 1 2.085033 0.950036 1.073315 1.118595 1.399853 0.769367 1.394358 0.870756 
1920 1920 1920 1 2.304077 1.052306 1.186936 1.239854 1.550070 0.849654 1.541423 0.962223 
1984 1984 1984 1 2.539931 1.159080 1.307810 1.367624 1.708668 0.937413 1.700727 1.061033 
2048 2048 2048 1 2.788907 1.271139 1.435400 1.505995 1.883493 1.032790 1.872731 1.167804
