64 64 64 1 0.000422 0.000266 0.000275 0.000345 0.000205 0.000206 0.000211 
128 128 128 1 0.001425 0.000802 0.000849 0.001123 0.000565 0.000577 0.000586 
192 192 192 1 0.003008 0.001599 0.001708 0.002313 0.001101 0.001121 0.001145 
256 256 256 1 0.006373 0.003263 0.003508 0.004846 0.002216 0.002271 0.002308 
320 320 320 1 0.012339 0.006139 0.006615 0.009293 0.004112 0.004244 0.004317 
384 384 384 1 0.021751 0.010608 0.011465 0.016276 0.006847 0.007135 0.007228 
448 448 448 1 0.033323 0.016017 0.017343 0.024826 0.010286 0.010789 0.010969 
512 512 512 1 0.047146 0.022416 0.024320 0.034996 0.014806 0.015431 0.015690 
576 576 576 1 0.065691 0.030967 0.033661 0.048645 0.020467 0.021358 0.021714 
640 640 640 1 0.089774 0.041998 0.045690 0.066323 0.027764 0.029012 0.029509 
704 704 704 1 0.120262 0.055920 0.060206 0.088330 0.036269 0.038048 0.038690 
768 768 768 1 0.154615 0.070812 0.077047 0.113092 0.046494 0.048744 0.049604 
832 832 832 1 0.192714 0.089519 0.097649 0.143028 0.058517 0.061525 0.062342 
896 896 896 1 0.241571 0.110248 0.120277 0.177167 0.072653 0.076091 0.077490 
960 960 960 1 0.296385 0.134695 0.146943 0.217038 0.088893 0.093196 0.094844 
1024 1024 1024 1 0.355734 0.163499 0.178570 0.260678 0.107349 0.113205 0.114341 
1088 1088 1088 1 0.427189 0.194809 0.212881 0.314334 0.128042 0.134986 0.137367 
1152 1152 1152 1 0.504332 0.229113 0.250564 0.368716 0.152595 0.160101 0.161843 
1216 1216 1216 1 0.595979 0.268757 0.294236 0.435098 0.178116 0.187026 0.190266 
1280 1280 1280 1 0.693601 0.311828 0.341966 0.504784 0.206444 0.217417 0.221237 
1344 1344 1344 1 0.797923 0.361280 0.395871 0.581910 0.238222 0.251827 0.254628 
1408 1408 1408 1 0.919071 0.410923 0.449986 0.668558 0.273740 0.288408 0.293195 
1472 1472 1472 1 1.048509 0.469931 0.515153 0.764224 0.312079 0.329082 0.334385 
1536 1536 1536 1 1.187099 0.531853 0.581776 0.864227 0.353319 0.372630 0.377682 
1600 1600 1600 1 1.339944 0.599546 0.655482 0.974215 0.398709 0.423406 0.426525 
1664 1664 1664 1 1.505214 0.670699 0.734664 1.093527 0.446986 0.473709 0.479689 
1728 1728 1728 1 1.683310 0.749815 0.823117 1.223861 0.499294 0.531164 0.533882 
1792 1792 1792 1 1.876193 0.832803 0.914358 1.363731 0.556338 0.591591 0.596863 
1856 1856 1856 1 2.085101 0.926549 1.016771 1.516204 0.615454 0.654878 0.661285 
1920 1920 1920 1 2.302886 1.023333 1.122157 1.671903 0.684541 0.723447 0.733938 
1984 1984 1984 1 2.543073 1.128308 1.236308 1.845322 0.750873 0.797801 0.809844 
2048 2048 2048 1 2.790872 1.242109 1.360554 2.029765 0.826718 0.878104 0.887108
