128 128 128 1 0.001425 0.000809 0.000713 0.000868 0.001022 0.000680 0.001541 0.000733 
192 192 192 1 0.003003 0.001613 0.001431 0.001776 0.002123 0.001356 0.003295 0.001475 
256 256 256 1 0.006382 0.003310 0.002901 0.003665 0.004433 0.002738 0.007065 0.002995 
320 320 320 1 0.012331 0.006218 0.005426 0.006959 0.008493 0.005111 0.013729 0.005629 
384 384 384 1 0.021745 0.010761 0.009126 0.011914 0.014647 0.008557 0.024040 0.009537 
448 448 448 1 0.033328 0.016263 0.013853 0.018139 0.022442 0.012954 0.037067 0.014417 
512 512 512 1 0.047107 0.022743 0.019660 0.025846 0.031967 0.018454 0.052902 0.020517 
576 576 576 1 0.065709 0.031459 0.027280 0.035908 0.044484 0.025504 0.074227 0.028404 
640 640 640 1 0.089716 0.042633 0.037080 0.048914 0.060745 0.034640 0.101666 0.038653 
704 704 704 1 0.120252 0.056483 0.048737 0.064784 0.080729 0.045468 0.135970 0.050929 
768 768 768 1 0.154746 0.072731 0.062535 0.083182 0.103788 0.058285 0.175277 0.065288 
832 832 832 1 0.192741 0.090233 0.078719 0.104175 0.130291 0.073385 0.220246 0.081783 
896 896 896 1 0.241561 0.112003 0.097626 0.130280 0.162937 0.090957 0.275751 0.101948 
960 960 960 1 0.296651 0.136955 0.119413 0.159568 0.199631 0.111159 0.338518 0.124740 
1024 1024 1024 1 0.355764 0.164826 0.143871 0.192952 0.240216 0.134715 0.409245 0.150087 
1088 1088 1088 1 0.426627 0.197604 0.172443 0.230193 0.286973 0.159516 0.489744 0.179895 
1152 1152 1152 1 0.504750 0.232534 0.204335 0.273074 0.341624 0.190246 0.579046 0.213233 
1216 1216 1216 1 0.595180 0.273057 0.238561 0.319870 0.401132 0.222154 0.682736 0.249138 
1280 1280 1280 1 0.692601 0.317092 0.277479 0.372123 0.466787 0.258264 0.794902 0.289634 
1344 1344 1344 1 0.797056 0.366745 0.321306 0.430287 0.537588 0.297016 0.916027 0.334089 
1408 1408 1408 1 0.919261 0.419426 0.367952 0.492889 0.616610 0.339375 1.056557 0.383094 
1472 1472 1472 1 1.048100 0.477745 0.419699 0.562655 0.704927 0.390068 1.206367 0.437157 
1536 1536 1536 1 1.187431 0.539662 0.474916 0.636956 0.800097 0.440963 1.366831 0.495641 
1600 1600 1600 1 1.339075 0.607705 0.535476 0.719520 0.902415 0.497092 1.542779 0.559274 
1664 1664 1664 1 1.507821 0.682097 0.602211 0.808223 1.014080 0.556052 1.736161 0.628557 
1728 1728 1728 1 1.683454 0.762028 0.671720 0.904258 1.134294 0.623139 1.940231 0.701954 
1792 1792 1792 1 1.874673 0.849871 0.749348 1.006253 1.264239 0.694181 2.162963 0.782592 
1856 1856 1856 1 2.085385 0.944278 0.832737 1.121790 1.405284 0.769952 2.405579 0.871345 
1920 1920 1920 1 2.302449 1.039862 0.920161 1.239763 1.553459 0.852526 2.659115 0.963551 
1984 1984 1984 1 2.542032 1.146168 1.014590 1.367679 1.713774 0.939031 2.935173 1.059398 
2048 2048 2048 1 2.790870 1.260034 1.119694 1.506149 1.889608 1.032046 3.224799 1.162398
