64 64 64 1 0.001159 0.000248 0.000196 0.000614 0.000490 0.000477 0.000441 0.001071 
128 128 128 1 0.001143 0.000408 0.000431 0.000809 0.000515 0.000420 0.000661 0.001944 
192 192 192 1 0.003622 0.000957 0.001247 0.001456 0.001612 0.001143 0.001223 0.006476 
256 256 256 1 0.006948 0.001881 0.002129 0.002596 0.003261 0.002060 0.002202 0.013370 
320 320 320 1 0.013633 0.003580 0.004685 0.004823 0.005815 0.003987 0.004238 0.026788 
384 384 384 1 0.022149 0.005600 0.006258 0.007792 0.009682 0.006480 0.006816 0.044059 
448 448 448 1 0.035352 0.008940 0.011995 0.011884 0.014795 0.010131 0.010724 0.071238 
512 512 512 1 0.051302 0.012547 0.014081 0.017617 0.022186 0.014689 0.015729 0.103754 
576 576 576 1 0.073315 0.018018 0.024455 0.024417 0.030518 0.020888 0.022387 0.149651 
640 640 640 1 0.099170 0.024004 0.026713 0.033303 0.042347 0.027997 0.030220 0.201923 
704 704 704 1 0.132440 0.032077 0.043976 0.043809 0.054648 0.037470 0.040482 0.271777 
768 768 768 1 0.170512 0.041023 0.045533 0.057015 0.072684 0.048112 0.052129 0.348528 
832 832 832 1 0.217361 0.052008 0.071691 0.071435 0.089098 0.061211 0.066404 0.447139 
896 896 896 1 0.269468 0.064073 0.071224 0.089429 0.113715 0.075652 0.082202 0.552697 
960 960 960 1 0.332262 0.079148 0.109516 0.108670 0.135542 0.093189 0.101450 0.684923 
1024 1024 1024 1 0.401367 0.095603 0.106354 0.133365 0.170050 0.112840 0.123697 0.825434 
1088 1088 1088 1 0.481582 0.114283 0.158527 0.157580 0.195796 0.134962 0.147347 0.995288 
1152 1152 1152 1 0.570425 0.134693 0.149867 0.188175 0.239495 0.160255 0.175101 1.174803 
1216 1216 1216 1 0.671623 0.159089 0.220098 0.219514 0.274024 0.188478 0.206096 1.388160 
1280 1280 1280 1 0.781533 0.184214 0.204992 0.257519 0.328969 0.218951 0.239505 1.611538 
1344 1344 1344 1 0.904660 0.213200 0.296245 0.294977 0.366667 0.253409 0.277490 1.872507 
1408 1408 1408 1 1.039487 0.243859 0.271223 0.341077 0.434622 0.291197 0.319206 2.143433 
1472 1472 1472 1 1.188141 0.279020 0.387678 0.386584 0.480988 0.332251 0.364466 2.458192 
1536 1536 1536 1 1.348121 0.317542 0.353055 0.443419 0.566201 0.377440 0.416020 2.784194 
1600 1600 1600 1 1.525747 0.356639 0.496540 0.495405 0.618343 0.426034 0.467771 3.154457 
1664 1664 1664 1 1.712939 0.400554 0.445562 0.560482 0.714884 0.478956 0.526711 3.536749 
1728 1728 1728 1 1.919630 0.448806 0.624081 0.622915 0.775300 0.536085 0.588994 3.971534 
1792 1792 1792 1 2.140879 0.500551 0.556777 0.700097 0.895069 0.597710 0.657187 4.418168 
1856 1856 1856 1 2.374669 0.555107 0.772640 0.771408 0.959355 0.664026 0.730163 4.921965 
1920 1920 1920 1 2.628583 0.613592 0.682369 0.858442 1.094410 0.735341 0.809242 5.432274 
1984 1984 1984 1 2.899085 0.677204 0.943626 0.940835 1.169304 0.810210 0.891573 6.009408 
2048 2048 2048 1 3.189989 0.745945 0.829360 1.043037 1.334013 0.892597 0.983070 6.594180
