64 64 64 1 0.001144 0.000262 0.000275 0.000675 0.000497 0.000451 0.000470 
128 128 128 1 0.001255 0.000422 0.000487 0.001072 0.000364 0.000357 0.000653 
192 192 192 1 0.003814 0.001253 0.001253 0.001817 0.001154 0.001180 0.001246 
256 256 256 1 0.006920 0.002266 0.002543 0.003281 0.002154 0.002313 0.002395 
320 320 320 1 0.013707 0.004838 0.004737 0.006403 0.004132 0.004481 0.004539 
384 384 384 1 0.022027 0.007141 0.007735 0.010066 0.006798 0.007113 0.007433 
448 448 448 1 0.035262 0.011936 0.011977 0.016415 0.010590 0.011340 0.011954 
512 512 512 1 0.051319 0.016167 0.017559 0.023179 0.015399 0.016633 0.017307 
576 576 576 1 0.073311 0.024482 0.024575 0.033671 0.021873 0.023578 0.024653 
640 640 640 1 0.099161 0.030671 0.033281 0.044317 0.029428 0.031880 0.033315 
704 704 704 1 0.132458 0.043770 0.044192 0.060429 0.039205 0.042800 0.044701 
768 768 768 1 0.170525 0.052561 0.057074 0.076154 0.050498 0.055153 0.057621 
832 832 832 1 0.217404 0.071107 0.071981 0.098828 0.064114 0.070214 0.073407 
896 896 896 1 0.269512 0.082273 0.089605 0.119630 0.079297 0.087025 0.091031 
960 960 960 1 0.332220 0.108365 0.109894 0.150456 0.097724 0.107380 0.112341 
1024 1024 1024 1 0.401267 0.122997 0.133651 0.178456 0.118806 0.130740 0.136796 
1088 1088 1088 1 0.482114 0.156697 0.159054 0.217513 0.141669 0.156218 0.163163 
1152 1152 1152 1 0.570429 0.173515 0.188720 0.252536 0.167893 0.185358 0.193848 
1216 1216 1216 1 0.671496 0.218011 0.221578 0.303457 0.197491 0.218217 0.228127 
1280 1280 1280 1 0.781659 0.237523 0.258512 0.345722 0.229291 0.253625 0.265153 
1344 1344 1344 1 0.905397 0.292565 0.297663 0.407239 0.265691 0.293932 0.307502 
1408 1408 1408 1 1.039536 0.314792 0.342505 0.458569 0.305137 0.337862 0.353439 
1472 1472 1472 1 1.188294 0.382889 0.390006 0.533667 0.348253 0.385903 0.403731 
1536 1536 1536 1 1.348604 0.409658 0.445462 0.595918 0.396033 0.439666 0.460346 
1600 1600 1600 1 1.524564 0.489763 0.499129 0.684502 0.446488 0.495328 0.518146 
1664 1664 1664 1 1.713564 0.517733 0.563117 0.754434 0.502395 0.557619 0.583264 
1728 1728 1728 1 1.919114 0.617028 0.628380 0.860856 0.561615 0.623715 0.652528 
1792 1792 1792 1 2.138807 0.646862 0.703788 0.942324 0.627849 0.697498 0.729308 
1856 1856 1856 1 2.372578 0.762606 0.777928 1.064950 0.695750 0.773162 0.808911 
1920 1920 1920 1 2.627189 0.793392 0.863021 1.156468 0.770716 0.856591 0.896103 
1984 1984 1984 1 2.899441 0.926673 0.949431 1.298250 0.848893 0.944051 0.987647 
2048 2048 2048 1 3.193227 0.964017 1.048613 1.404466 0.936425 1.041101 1.088902
