64 64 64 1 0.000416 0.000264 0.000275 0.000248 0.000268 0.000221 0.000202 0.000205 
128 128 128 1 0.001423 0.000802 0.000841 0.000743 0.000815 0.000625 0.000559 0.000564 
192 192 192 1 0.003002 0.001606 0.001682 0.001493 0.001651 0.001238 0.001078 0.001090 
256 256 256 1 0.006374 0.003281 0.003449 0.003054 0.003393 0.002475 0.002174 0.002198 
320 320 320 1 0.012344 0.006164 0.006510 0.005737 0.006419 0.004579 0.004055 0.004095 
384 384 384 1 0.021742 0.010634 0.011240 0.009666 0.010923 0.007620 0.006828 0.006926 
448 448 448 1 0.033339 0.016101 0.017048 0.014645 0.016620 0.011460 0.010204 0.010388 
512 512 512 1 0.047087 0.022480 0.023841 0.020919 0.023602 0.016356 0.014668 0.014830 
576 576 576 1 0.065652 0.031144 0.032997 0.028986 0.032823 0.022569 0.020278 0.020494 
640 640 640 1 0.089715 0.041698 0.044619 0.039418 0.044702 0.030578 0.027559 0.027890 
704 704 704 1 0.120284 0.055641 0.059721 0.051924 0.059069 0.039997 0.036068 0.036790 
768 768 768 1 0.154514 0.071144 0.075446 0.066550 0.075746 0.051211 0.046255 0.047570 
832 832 832 1 0.192886 0.090159 0.095730 0.083725 0.095082 0.064508 0.058359 0.059483 
896 896 896 1 0.241640 0.111078 0.117980 0.103963 0.118551 0.079692 0.072130 0.074576 
960 960 960 1 0.296156 0.135833 0.143891 0.127196 0.144965 0.097420 0.088294 0.091151 
1024 1024 1024 1 0.355805 0.164645 0.174919 0.153326 0.174681 0.117240 0.107276 0.109176 
1088 1088 1088 1 0.429700 0.195983 0.208360 0.182840 0.208513 0.140691 0.127810 0.130077 
1152 1152 1152 1 0.504885 0.230855 0.245550 0.216386 0.246839 0.166661 0.151666 0.154048 
1216 1216 1216 1 0.594848 0.268646 0.287770 0.254530 0.290686 0.194420 0.177140 0.181470 
1280 1280 1280 1 0.692704 0.313589 0.334204 0.295943 0.337789 0.225790 0.205889 0.208597 
1344 1344 1344 1 0.797669 0.361851 0.386662 0.340929 0.388654 0.259167 0.239619 0.242062 
1408 1408 1408 1 0.919372 0.414979 0.442616 0.390336 0.445874 0.296753 0.274178 0.277013 
1472 1472 1472 1 1.049289 0.471643 0.502344 0.445292 0.508684 0.340782 0.312797 0.316012 
1536 1536 1536 1 1.186719 0.535009 0.570113 0.505983 0.577896 0.384713 0.355867 0.359483 
1600 1600 1600 1 1.341047 0.602319 0.641738 0.570601 0.651834 0.432892 0.400872 0.405028 
1664 1664 1664 1 1.507232 0.677196 0.719909 0.639012 0.730695 0.487538 0.448379 0.453102 
1728 1728 1728 1 1.683751 0.758140 0.806817 0.716082 0.818797 0.543590 0.503022 0.508157 
1792 1792 1792 1 1.876114 0.839772 0.895201 0.798161 0.912606 0.605672 0.560121 0.565690 
1856 1856 1856 1 2.083279 0.931918 0.993375 0.883321 1.014539 0.673581 0.620109 0.626266 
1920 1920 1920 1 2.302289 1.031069 1.096972 0.977674 1.121140 0.740818 0.685251 0.691961 
1984 1984 1984 1 2.543080 1.136197 1.210382 1.077928 1.236793 0.819509 0.755424 0.762832 
2048 2048 2048 1 2.790509 1.245374 1.326661 1.185671 1.357415 0.899610 0.831572 0.839457
