64 64 64 1 0.000418 0.000264 0.000274 0.000248 0.000267 0.000210 0.000202 0.000202 
128 128 128 1 0.001424 0.000805 0.000838 0.000740 0.000814 0.000597 0.000554 0.000558 
192 192 192 1 0.003002 0.001605 0.001681 0.001496 0.001653 0.001168 0.001071 0.001075 
256 256 256 1 0.006377 0.003284 0.003449 0.003053 0.003397 0.002365 0.002142 0.002163 
320 320 320 1 0.012338 0.006162 0.006504 0.005731 0.006405 0.004403 0.003973 0.004033 
384 384 384 1 0.021740 0.010645 0.011255 0.009670 0.010942 0.007362 0.006655 0.006787 
448 448 448 1 0.033331 0.016093 0.017039 0.014646 0.016605 0.011146 0.009960 0.010156 
512 512 512 1 0.047078 0.022374 0.023843 0.020925 0.023648 0.015956 0.014250 0.014572 
576 576 576 1 0.065673 0.031141 0.033028 0.028983 0.032796 0.022090 0.019649 0.020149 
640 640 640 1 0.089667 0.041686 0.044415 0.039426 0.044580 0.029807 0.026693 0.027435 
704 704 704 1 0.120176 0.055638 0.059082 0.051918 0.059065 0.039335 0.034897 0.036540 
768 768 768 1 0.154058 0.071196 0.075407 0.066592 0.075763 0.050388 0.044650 0.045989 
832 832 832 1 0.192698 0.090107 0.095373 0.083774 0.094866 0.063597 0.056360 0.058525 
896 896 896 1 0.242028 0.111054 0.117926 0.104031 0.118586 0.078680 0.069553 0.071771 
960 960 960 1 0.296354 0.135977 0.143358 0.127281 0.145180 0.096231 0.085128 0.087712 
1024 1024 1024 1 0.355821 0.164662 0.174972 0.153503 0.174703 0.116914 0.102718 0.107400 
1088 1088 1088 1 0.426744 0.195959 0.208253 0.182715 0.208494 0.138503 0.123199 0.128002 
1152 1152 1152 1 0.505037 0.231312 0.245624 0.217725 0.247252 0.164574 0.145976 0.151546 
1216 1216 1216 1 0.595173 0.269997 0.287866 0.254490 0.290587 0.192725 0.170438 0.178512 
1280 1280 1280 1 0.692926 0.313608 0.334327 0.295879 0.338037 0.224267 0.198005 0.207375 
1344 1344 1344 1 0.797185 0.363082 0.387135 0.340414 0.389691 0.258410 0.229631 0.238156 
1408 1408 1408 1 0.919608 0.414969 0.442667 0.392059 0.446094 0.297310 0.263092 0.272516 
1472 1472 1472 1 1.046697 0.470342 0.502091 0.445578 0.510064 0.337921 0.298652 0.310847 
1536 1536 1536 1 1.186174 0.534709 0.569648 0.506197 0.577762 0.382760 0.340256 0.353571 
1600 1600 1600 1 1.339078 0.602995 0.641017 0.570600 0.651802 0.431375 0.384914 0.398309 
1664 1664 1664 1 1.506419 0.675906 0.718653 0.639948 0.730454 0.485400 0.430557 0.445677 
1728 1728 1728 1 1.684094 0.759586 0.806811 0.715568 0.819749 0.542267 0.482631 0.499686 
1792 1792 1792 1 1.876033 0.843840 0.897846 0.797525 0.912532 0.604395 0.537335 0.556374 
1856 1856 1856 1 2.084278 0.934218 0.992334 0.883743 1.011756 0.668126 0.594770 0.615773 
1920 1920 1920 1 2.305842 1.033505 1.098547 0.978808 1.121402 0.738285 0.656943 0.680425 
1984 1984 1984 1 2.542675 1.136070 1.210111 1.077439 1.237107 0.816729 0.724477 0.750179 
2048 2048 2048 1 2.791359 1.247600 1.326810 1.185512 1.358920 0.899101 0.797147 0.825791
