64 64 64 1 0.000422 0.000267 0.000281 0.000310 0.000347 0.000224 0.000303 0.000230 
128 128 128 1 0.001420 0.000798 0.000850 0.000988 0.001125 0.000651 0.000933 0.000669 
192 192 192 1 0.003003 0.001598 0.001710 0.002017 0.002316 0.001293 0.001927 0.001327 
256 256 256 1 0.006378 0.003263 0.003504 0.004186 0.004848 0.002599 0.004004 0.002671 
320 320 320 1 0.012353 0.006143 0.006621 0.007974 0.009302 0.004827 0.007644 0.004969 
384 384 384 1 0.021738 0.010590 0.011459 0.013893 0.016274 0.008022 0.013158 0.008368 
448 448 448 1 0.033337 0.016025 0.017363 0.021151 0.024844 0.012135 0.020097 0.012592 
512 512 512 1 0.047101 0.022397 0.024315 0.029722 0.034989 0.017298 0.028605 0.017926 
576 576 576 1 0.065645 0.030949 0.033639 0.041247 0.048644 0.023928 0.039786 0.024758 
640 640 640 1 0.089754 0.041996 0.045693 0.056151 0.066341 0.032460 0.054331 0.033521 
704 704 704 1 0.120330 0.055935 0.060490 0.075030 0.088326 0.042521 0.072206 0.044064 
768 768 768 1 0.153950 0.070731 0.077109 0.095272 0.113075 0.054419 0.092699 0.056478 
832 832 832 1 0.192898 0.089666 0.097694 0.119752 0.143121 0.068280 0.116279 0.071072 
896 896 896 1 0.241571 0.110288 0.120292 0.149070 0.177157 0.084846 0.145340 0.087993 
960 960 960 1 0.296268 0.134774 0.147073 0.182239 0.217015 0.103705 0.178071 0.107551 
1024 1024 1024 1 0.355618 0.163446 0.178287 0.219270 0.260937 0.125232 0.215235 0.130328 
1088 1088 1088 1 0.429423 0.194504 0.212609 0.263089 0.313479 0.149766 0.256772 0.154238 
1152 1152 1152 1 0.504406 0.229045 0.250615 0.309613 0.368825 0.176391 0.304730 0.183842 
1216 1216 1216 1 0.595195 0.268451 0.293895 0.364870 0.434874 0.207093 0.357591 0.214356 
1280 1280 1280 1 0.693544 0.310888 0.340577 0.423369 0.504862 0.240624 0.416087 0.249614 
1344 1344 1344 1 0.797306 0.360787 0.395484 0.488901 0.581675 0.277238 0.480862 0.288799 
1408 1408 1408 1 0.918897 0.411983 0.451824 0.561884 0.670488 0.316589 0.551459 0.329932 
1472 1472 1472 1 1.048301 0.469736 0.515455 0.641282 0.763894 0.360872 0.629664 0.375159 
1536 1536 1536 1 1.187339 0.530966 0.582177 0.725548 0.864196 0.410326 0.718057 0.425052 
1600 1600 1600 1 1.338877 0.596705 0.654756 0.816117 0.973687 0.463063 0.810014 0.480400 
1664 1664 1664 1 1.506205 0.670680 0.735330 0.918622 1.093827 0.518267 0.906933 0.539719 
1728 1728 1728 1 1.683743 0.754187 0.825679 1.028453 1.225638 0.581129 1.017446 0.601904 
1792 1792 1792 1 1.876934 0.836562 0.917637 1.142573 1.364195 0.645754 1.133833 0.670090 
1856 1856 1856 1 2.083832 0.923546 1.015375 1.269825 1.512737 0.715706 1.255256 0.745743 
1920 1920 1920 1 2.304758 1.022353 1.120818 1.401642 1.673043 0.793232 1.387602 0.825138 
1984 1984 1984 1 2.545554 1.132377 1.239089 1.550541 1.850432 0.874788 1.530849 0.909649 
2048 2048 2048 1 2.793310 1.238096 1.358375 1.699806 2.029243 0.958861 1.685556 0.998210
