4 64 64 1 0.001290 0.000560 0.000612 0.000649 0.000485 0.000525 0.000457 0.000511 
128 128 128 1 0.001177 0.000443 0.000470 0.000900 0.000559 0.000407 0.000753 0.000671 
192 192 192 1 0.003820 0.001248 0.001263 0.001436 0.001616 0.001246 0.001209 0.001230 
256 256 256 1 0.007017 0.002110 0.002295 0.003028 0.003038 0.002513 0.002310 0.002318 
320 320 320 1 0.013730 0.004441 0.004447 0.005027 0.005930 0.004757 0.004479 0.004635 
384 384 384 1 0.022126 0.006566 0.007197 0.008971 0.009103 0.007573 0.007224 0.007538 
448 448 448 1 0.035346 0.011071 0.011102 0.012849 0.014911 0.011992 0.011363 0.011895 
512 512 512 1 0.051237 0.014797 0.016255 0.020837 0.020999 0.017355 0.016611 0.017353 
576 576 576 1 0.073337 0.022517 0.022751 0.026273 0.030575 0.024688 0.023650 0.024692 
640 640 640 1 0.099181 0.028062 0.030750 0.039547 0.040008 0.033059 0.032013 0.033472 
704 704 704 1 0.132446 0.040342 0.040781 0.046877 0.054728 0.044291 0.042802 0.044774 
768 768 768 1 0.170521 0.047931 0.052768 0.068088 0.068550 0.056793 0.055238 0.057782 
832 832 832 1 0.217294 0.065532 0.066496 0.076646 0.089270 0.072323 0.070291 0.073609 
896 896 896 1 0.269494 0.075241 0.082582 0.106306 0.107603 0.089240 0.087120 0.091180 
960 960 960 1 0.332052 0.099938 0.101309 0.116779 0.135745 0.110399 0.107523 0.112464 
1024 1024 1024 1 0.401438 0.112652 0.123398 0.159542 0.160604 0.133614 0.130864 0.136935 
1088 1088 1088 1 0.481912 0.144443 0.146559 0.168867 0.196056 0.159792 0.156076 0.163306 
1152 1152 1152 1 0.570396 0.158939 0.173989 0.224287 0.226938 0.188685 0.185460 0.194014 
1216 1216 1216 1 0.671992 0.200894 0.204035 0.235282 0.273682 0.222567 0.218360 0.228367 
1280 1280 1280 1 0.781441 0.217074 0.238251 0.308972 0.310705 0.257757 0.254262 0.265893 
1344 1344 1344 1 0.905530 0.269069 0.274103 0.316058 0.366903 0.299067 0.294064 0.307691 
1408 1408 1408 1 1.039367 0.288142 0.315472 0.405092 0.411927 0.342634 0.337988 0.353711 
1472 1472 1472 1 1.188034 0.352839 0.359027 0.414069 0.481083 0.391813 0.386066 0.404024 
1536 1536 1536 1 1.348414 0.375153 0.410467 0.531962 0.535543 0.445772 0.440447 0.460778 
1600 1600 1600 1 1.524691 0.451256 0.459438 0.530373 0.617113 0.501458 0.495559 0.518580 
1664 1664 1664 1 1.713177 0.473838 0.518679 0.669843 0.677606 0.563844 0.557895 0.583487 
1728 1728 1728 1 1.919189 0.568486 0.578441 0.667155 0.776120 0.631443 0.623927 0.652880 
1792 1792 1792 1 2.141153 0.590482 0.648151 0.841575 0.846543 0.702211 0.697759 0.729989 
1856 1856 1856 1 2.375987 0.700805 0.715946 0.825684 0.959733 0.781628 0.773498 0.809433 
1920 1920 1920 1 2.628899 0.726471 0.794672 1.026788 1.038563 0.864426 0.857022 0.896688 
1984 1984 1984 1 2.897720 0.854046 0.873692 1.007471 1.171197 0.953947 0.944394 0.988244 
2048 2048 2048 1 3.188532 0.882183 0.966001 1.254589 1.261831 1.049242 1.041019 1.089537
