64 64 64 1 0.000420 0.000255 0.000272 0.000281 0.000204 0.000211 0.000307 
128 128 128 1 0.001423 0.000767 0.000824 0.000862 0.000572 0.000581 0.000980 
192 192 192 1 0.003005 0.001525 0.001646 0.001768 0.001117 0.001131 0.002028 
256 256 256 1 0.006371 0.003101 0.003377 0.003657 0.002246 0.002287 0.004229 
320 320 320 1 0.012342 0.005823 0.006367 0.006931 0.004161 0.004274 0.008089 
384 384 384 1 0.021729 0.010016 0.010984 0.011843 0.006924 0.007200 0.013975 
448 448 448 1 0.033337 0.015129 0.016635 0.018052 0.010419 0.010847 0.021348 
512 512 512 1 0.047132 0.021166 0.023295 0.025729 0.014918 0.015516 0.030409 
576 576 576 1 0.065779 0.029210 0.032226 0.035721 0.020605 0.021458 0.042303 
640 640 640 1 0.089785 0.039562 0.043671 0.048692 0.027943 0.029169 0.057791 
704 704 704 1 0.120233 0.052182 0.057609 0.064438 0.036527 0.038274 0.076846 
768 768 768 1 0.154073 0.066598 0.073591 0.082688 0.046767 0.049217 0.098689 
832 832 832 1 0.192693 0.083503 0.093203 0.103939 0.059086 0.061855 0.123815 
896 896 896 1 0.242511 0.103869 0.114729 0.129491 0.072965 0.076569 0.154859 
960 960 960 1 0.296174 0.126490 0.140257 0.158547 0.089317 0.093734 0.189759 
1024 1024 1024 1 0.355730 0.152066 0.170217 0.191699 0.108025 0.114075 0.229149 
1088 1088 1088 1 0.429796 0.182509 0.202789 0.228711 0.128690 0.136411 0.273579 
1152 1152 1152 1 0.504495 0.214255 0.238723 0.271289 0.153056 0.160673 0.324810 
1216 1216 1216 1 0.595069 0.251613 0.279801 0.317850 0.178628 0.190322 0.382596 
1280 1280 1280 1 0.693058 0.291983 0.323505 0.369620 0.207503 0.218292 0.443730 
1344 1344 1344 1 0.797361 0.337703 0.374861 0.427375 0.239525 0.253954 0.513060 
1408 1408 1408 1 0.920666 0.385633 0.428087 0.488964 0.272960 0.290663 0.587177 
1472 1472 1472 1 1.047153 0.438507 0.488196 0.557432 0.312015 0.331651 0.672828 
1536 1536 1536 1 1.188436 0.494944 0.553636 0.632707 0.352922 0.377134 0.764481 
1600 1600 1600 1 1.341314 0.561414 0.625530 0.714626 0.397864 0.424990 0.863680 
1664 1664 1664 1 1.506229 0.624572 0.698714 0.802298 0.447676 0.475477 0.966860 
1728 1728 1728 1 1.685185 0.702253 0.782420 0.896789 0.500036 0.533169 1.077469 
1792 1792 1792 1 1.875865 0.778320 0.869278 0.999604 0.556862 0.593709 1.208897 
1856 1856 1856 1 2.087394 0.864569 0.964305 1.111324 0.617289 0.657425 1.338723 
1920 1920 1920 1 2.303613 0.954856 1.065471 1.231221 0.685644 0.726586 1.479761 
1984 1984 1984 1 2.541580 1.052341 1.174203 1.358094 0.756474 0.801152 1.632503 
2048 2048 2048 1 2.790473 1.158108 1.288292 1.495334 0.829799 0.882033 1.797612
