64 64 64 1 0.001135 0.000255 0.000256 0.000636 0.000692 0.000568 0.000440 0.000450 
128 128 128 1 0.001154 0.000417 0.000383 0.000786 0.000887 0.000385 0.000341 0.000738 
192 192 192 1 0.003841 0.001222 0.001168 0.001364 0.001531 0.001252 0.001133 0.001092 
256 256 256 1 0.007013 0.002074 0.002203 0.002539 0.002931 0.002282 0.002198 0.002252 
320 320 320 1 0.013650 0.004522 0.004185 0.004827 0.005585 0.004398 0.004203 0.004358 
384 384 384 1 0.022089 0.006040 0.006494 0.007788 0.008644 0.007145 0.006837 0.006992 
448 448 448 1 0.035378 0.011447 0.010258 0.011866 0.014058 0.011173 0.010722 0.010986 
512 512 512 1 0.051313 0.013822 0.014750 0.017544 0.019659 0.016205 0.015709 0.016106 
576 576 576 1 0.073396 0.023379 0.020966 0.024386 0.028816 0.022890 0.022328 0.022824 
640 640 640 1 0.099188 0.026133 0.027949 0.033289 0.037407 0.030860 0.030235 0.030881 
704 704 704 1 0.132432 0.042002 0.037328 0.043839 0.051621 0.041096 0.040422 0.041297 
768 768 768 1 0.170539 0.044717 0.047844 0.057029 0.064011 0.052879 0.052166 0.053248 
832 832 832 1 0.217303 0.068591 0.060807 0.071494 0.084096 0.067122 0.066435 0.067783 
896 896 896 1 0.269452 0.069863 0.074970 0.089431 0.100601 0.082940 0.082159 0.083964 
960 960 960 1 0.332191 0.104399 0.092739 0.108807 0.128155 0.102244 0.101567 0.103542 
1024 1024 1024 1 0.401463 0.104421 0.112209 0.133401 0.150061 0.124272 0.123556 0.126168 
1088 1088 1088 1 0.482006 0.150986 0.134077 0.157376 0.185227 0.147900 0.147339 0.150360 
1152 1152 1152 1 0.570456 0.147109 0.158292 0.188181 0.212063 0.175469 0.175083 0.178564 
1216 1216 1216 1 0.671971 0.210048 0.186664 0.219519 0.259058 0.206406 0.206178 0.210265 
1280 1280 1280 1 0.781750 0.201237 0.215838 0.257477 0.290277 0.239840 0.240368 0.244203 
1344 1344 1344 1 0.905239 0.282706 0.250569 0.295001 0.347001 0.277375 0.277617 0.283078 
1408 1408 1408 1 1.039499 0.266473 0.287010 0.341044 0.384761 0.318657 0.319172 0.325451 
1472 1472 1472 1 1.188157 0.370301 0.328189 0.386595 0.455038 0.363567 0.364493 0.371661 
1536 1536 1536 1 1.348608 0.346880 0.373645 0.443363 0.500405 0.414078 0.416007 0.424192 
1600 1600 1600 1 1.524362 0.474627 0.419758 0.495528 0.584235 0.465542 0.467838 0.476952 
1664 1664 1664 1 1.713651 0.437854 0.471959 0.560463 0.632988 0.524155 0.526639 0.536916 
1728 1728 1728 1 1.917357 0.597168 0.528522 0.622959 0.734138 0.585887 0.588956 0.600566 
1792 1792 1792 1 2.136817 0.547174 0.589199 0.700200 0.790701 0.655100 0.659003 0.669805 
1856 1856 1856 1 2.373521 0.739168 0.654080 0.771480 0.908727 0.725645 0.730240 0.744421 
1920 1920 1920 1 2.627254 0.671133 0.723469 0.858382 0.970177 0.803603 0.809240 0.824768 
1984 1984 1984 1 2.897374 0.901990 0.798085 0.940919 1.107829 0.885143 0.891629 0.908905 
2048 2048 2048 1 3.191733 0.815170 0.878371 1.043141 1.178438 0.975340 0.983579 1.002143
