64 64 64 1 0.000417 0.000322 0.000331 0.000350 0.000372 0.000278 0.000285 0.000290 
128 128 128 1 0.001424 0.001036 0.001063 0.001147 0.001214 0.000872 0.000887 0.000891 
192 192 192 1 0.003004 0.002119 0.002180 0.002361 0.002504 0.001793 0.001819 0.001824 
256 256 256 1 0.006380 0.004410 0.004542 0.004936 0.005254 0.003704 0.003771 0.003778 
320 320 320 1 0.012339 0.008404 0.008679 0.009459 0.010096 0.007043 0.007183 0.007190 
384 384 384 1 0.021734 0.014661 0.015147 0.016559 0.017705 0.012074 0.012403 0.012351 
448 448 448 1 0.033334 0.022303 0.023077 0.025254 0.027040 0.018378 0.018834 0.018830 
512 512 512 1 0.047120 0.031364 0.032464 0.035574 0.038103 0.026160 0.026825 0.026769 
576 576 576 1 0.065696 0.043517 0.045093 0.049450 0.052997 0.036431 0.037243 0.037245 
640 640 640 1 0.089782 0.059251 0.061378 0.067386 0.072282 0.049651 0.050793 0.050809 
704 704 704 1 0.120305 0.079117 0.082022 0.090088 0.096716 0.065771 0.067452 0.067421 
768 768 768 1 0.154564 0.101453 0.104588 0.115600 0.124129 0.084523 0.086457 0.086534 
832 832 832 1 0.192860 0.126250 0.130901 0.143973 0.154622 0.105897 0.109114 0.108632 
896 896 896 1 0.241522 0.157320 0.163279 0.179712 0.193340 0.132484 0.135570 0.135489 
960 960 960 1 0.296472 0.192674 0.199984 0.220195 0.236895 0.162270 0.167916 0.166093 
1024 1024 1024 1 0.355743 0.231791 0.240317 0.264386 0.284579 0.196221 0.201467 0.200678 
1088 1088 1088 1 0.429289 0.277879 0.288269 0.317967 0.342797 0.234227 0.240430 0.240012 
1152 1152 1152 1 0.504399 0.326350 0.339078 0.373775 0.402532 0.277861 0.285203 0.284201 
1216 1216 1216 1 0.595268 0.384753 0.399354 0.440786 0.474772 0.325514 0.336239 0.335757 
1280 1280 1280 1 0.692718 0.447577 0.464704 0.511530 0.551413 0.378648 0.390955 0.388047 
1344 1344 1344 1 0.797821 0.516846 0.536170 0.590865 0.635335 0.437257 0.449600 0.449893 
1408 1408 1408 1 0.918628 0.590461 0.613879 0.677072 0.730153 0.501760 0.514763 0.513414 
1472 1472 1472 1 1.049253 0.676897 0.701978 0.773024 0.833318 0.571125 0.587838 0.587330 
1536 1536 1536 1 1.188661 0.766111 0.796155 0.877690 0.945166 0.649669 0.668631 0.669039 
1600 1600 1600 1 1.338761 0.862135 0.896638 0.988076 1.063247 0.731666 0.754167 0.754614 
1664 1664 1664 1 1.505759 0.969085 1.007697 1.111241 1.195947 0.824336 0.844186 0.844771 
1728 1728 1728 1 1.683682 1.084801 1.127865 1.242303 1.336702 0.919462 0.947167 0.947161 
1792 1792 1792 1 1.876745 1.207107 1.256878 1.382128 1.490243 1.025080 1.055419 1.056037 
1856 1856 1856 1 2.086265 1.343824 1.397555 1.539596 1.655868 1.141189 1.168568 1.169259 
1920 1920 1920 1 2.305852 1.483272 1.543404 1.700451 1.830997 1.259982 1.291605 1.292223 
1984 1984 1984 1 2.539520 1.631590 1.695780 1.871703 2.015969 1.393095 1.424952 1.425532 
2048 2048 2048 1 2.791612 1.796017 1.866153 2.059190 2.216762 1.533890 1.568774 1.569579
