64 64 64 1 0.001157 0.000586 0.000613 0.000594 0.000596 0.000503 0.000542 0.000650 
128 128 128 1 0.001079 0.000427 0.000390 0.000453 0.001078 0.000430 0.000370 0.001151 
192 192 192 1 0.003744 0.001184 0.001188 0.001586 0.001666 0.001124 0.001189 0.003663 
256 256 256 1 0.007021 0.002089 0.002305 0.002904 0.003318 0.002282 0.002305 0.007360 
320 320 320 1 0.013730 0.003911 0.004575 0.005725 0.006288 0.004333 0.004426 0.014632 
384 384 384 1 0.022097 0.006226 0.006991 0.008592 0.010260 0.006869 0.007151 0.023935 
448 448 448 1 0.035332 0.009886 0.011278 0.014675 0.015992 0.010744 0.011267 0.038530 
512 512 512 1 0.051213 0.014045 0.015764 0.019498 0.023458 0.015757 0.016424 0.056200 
576 576 576 1 0.073313 0.020059 0.022950 0.030075 0.032881 0.022137 0.023470 0.080680 
640 640 640 1 0.099091 0.026741 0.029753 0.037041 0.044913 0.030099 0.031544 0.108906 
704 704 704 1 0.132510 0.035661 0.041091 0.053830 0.058986 0.039829 0.042430 0.146094 
768 768 768 1 0.170447 0.045731 0.051024 0.063584 0.076860 0.051655 0.054379 0.188147 
832 832 832 1 0.217292 0.058176 0.066750 0.087785 0.096449 0.065117 0.069455 0.240156 
896 896 896 1 0.269570 0.071569 0.079882 0.099798 0.120751 0.080978 0.085756 0.297882 
960 960 960 1 0.332224 0.088629 0.101658 0.133937 0.147121 0.099114 0.106364 0.367641 
1024 1024 1024 1 0.401373 0.107267 0.119120 0.148874 0.180104 0.121179 0.128745 0.445001 
1088 1088 1088 1 0.481587 0.128042 0.146916 0.193861 0.213144 0.143464 0.154371 0.534197 
1152 1152 1152 1 0.570508 0.150557 0.167930 0.210290 0.254593 0.171055 0.182408 0.631916 
1216 1216 1216 1 0.671582 0.178365 0.204534 0.269776 0.297208 0.200458 0.215616 0.745272 
1280 1280 1280 1 0.781658 0.207185 0.229909 0.287758 0.348629 0.234387 0.249384 0.866407 
1344 1344 1344 1 0.905095 0.239371 0.274297 0.361481 0.399845 0.269540 0.290140 1.004676 
1408 1408 1408 1 1.039509 0.274137 0.304365 0.381476 0.462147 0.310622 0.332336 1.152853 
1472 1472 1472 1 1.187737 0.313470 0.359019 0.474398 0.524319 0.353326 0.380676 1.319036 
1536 1536 1536 1 1.348446 0.356725 0.395917 0.496094 0.600443 0.404450 0.433060 1.497894 
1600 1600 1600 1 1.523893 0.400970 0.459668 0.607315 0.672092 0.453046 0.488230 1.692598 
1664 1664 1664 1 1.713714 0.450603 0.500065 0.627374 0.760141 0.511251 0.548343 1.901698 
1728 1728 1728 1 1.919083 0.504643 0.578171 0.764760 0.845553 0.569962 0.614830 2.130876 
1792 1792 1792 1 2.140887 0.563626 0.624942 0.783788 0.949354 0.638955 0.683524 2.373752 
1856 1856 1856 1 2.374563 0.624699 0.715363 0.945653 1.046988 0.705934 0.761782 2.640042 
1920 1920 1920 1 2.627832 0.690800 0.766010 0.961585 1.164505 0.783998 0.842294 2.920416 
1984 1984 1984 1 2.898424 0.762272 0.872181 1.154917 1.277483 0.861397 0.930326 3.223194 
2048 2048 2048 1 3.193509 0.838844 0.931193 1.168278 1.414474 0.952955 1.023488 3.544972
