64 64 64 1 0.000417 0.000268 0.000278 0.000253 0.000269 0.000218 0.000208 0.000306 
128 128 128 1 0.001425 0.000816 0.000854 0.000756 0.000823 0.000624 0.000582 0.000968 
192 192 192 1 0.003005 0.001634 0.001717 0.001527 0.001676 0.001238 0.001131 0.002004 
256 256 256 1 0.006375 0.003336 0.003523 0.003115 0.003452 0.002467 0.002287 0.004173 
320 320 320 1 0.012342 0.006282 0.006654 0.005857 0.006533 0.004566 0.004271 0.007976 
384 384 384 1 0.021762 0.010859 0.011525 0.009906 0.011188 0.007593 0.007212 0.013804 
448 448 448 1 0.033326 0.016406 0.017450 0.015030 0.016959 0.011440 0.010888 0.021015 
512 512 512 1 0.047090 0.022966 0.024446 0.021416 0.024095 0.016295 0.015547 0.029948 
576 576 576 1 0.065648 0.031767 0.033832 0.029695 0.033435 0.022490 0.021461 0.041671 
640 640 640 1 0.089873 0.043136 0.045964 0.040352 0.045570 0.030470 0.029172 0.056931 
704 704 704 1 0.120144 0.056781 0.060527 0.053219 0.060258 0.039840 0.038387 0.075619 
768 768 768 1 0.154606 0.072744 0.077556 0.068188 0.077312 0.050962 0.049096 0.097199 
832 832 832 1 0.192727 0.091946 0.097438 0.085790 0.097122 0.064229 0.061999 0.121596 
896 896 896 1 0.241762 0.113274 0.121060 0.106676 0.121001 0.079371 0.076625 0.152455 
960 960 960 1 0.296198 0.138447 0.147864 0.130438 0.148130 0.096979 0.093762 0.186761 
1024 1024 1024 1 0.355699 0.167983 0.179244 0.157918 0.178365 0.117053 0.113688 0.225618 
1088 1088 1088 1 0.429463 0.199993 0.213665 0.187262 0.213591 0.140209 0.136392 0.269359 
1152 1152 1152 1 0.504407 0.235550 0.251635 0.223166 0.253222 0.166026 0.161574 0.319667 
1216 1216 1216 1 0.594808 0.276128 0.295394 0.260836 0.296543 0.193633 0.190328 0.375082 
1280 1280 1280 1 0.692427 0.320684 0.343272 0.303249 0.344943 0.225006 0.221083 0.438020 
1344 1344 1344 1 0.797374 0.371166 0.397478 0.351034 0.398639 0.260166 0.254048 0.505658 
1408 1408 1408 1 0.919749 0.424275 0.454659 0.399913 0.456666 0.297599 0.290707 0.578125 
1472 1472 1472 1 1.049280 0.484081 0.519186 0.458844 0.521482 0.338852 0.331667 0.661896 
1536 1536 1536 1 1.186331 0.545642 0.584423 0.518931 0.592985 0.382829 0.377177 0.753109 
1600 1600 1600 1 1.338760 0.614747 0.660133 0.585408 0.665004 0.431368 0.425106 0.849495 
1664 1664 1664 1 1.505962 0.690416 0.739909 0.658181 0.751110 0.482879 0.475637 0.951014 
1728 1728 1728 1 1.683483 0.775713 0.828964 0.734736 0.838985 0.541022 0.533365 1.066968 
1792 1792 1792 1 1.876079 0.859046 0.921157 0.818544 0.934679 0.603755 0.594023 1.189074 
1856 1856 1856 1 2.086376 0.952194 1.022421 0.910012 1.039090 0.666655 0.657543 1.316780 
1920 1920 1920 1 2.308501 1.056174 1.131532 1.006300 1.148439 0.740677 0.726757 1.455480 
1984 1984 1984 1 2.542271 1.158702 1.243320 1.109765 1.266689 0.816928 0.801409 1.605714 
2048 2048 2048 1 2.791673 1.276436 1.367626 1.218032 1.394543 0.896333 0.882306 1.768052
