64 64 64 1 0.000418 0.000266 0.000282 0.000270 0.000312 0.000224 0.000291 0.000295 
128 128 128 1 0.001428 0.000804 0.000866 0.000822 0.000966 0.000652 0.000912 0.000921 
192 192 192 1 0.003003 0.001608 0.001745 0.001679 0.001991 0.001297 0.001876 0.001897 
256 256 256 1 0.006376 0.003284 0.003587 0.003451 0.004146 0.002612 0.003891 0.003934 
320 320 320 1 0.012344 0.006163 0.006779 0.006534 0.007918 0.004858 0.007418 0.007503 
384 384 384 1 0.021744 0.010648 0.011756 0.011128 0.013629 0.008093 0.012783 0.012941 
448 448 448 1 0.033322 0.016089 0.017792 0.016967 0.020824 0.012228 0.019480 0.019723 
512 512 512 1 0.047149 0.022412 0.024925 0.024150 0.029675 0.017456 0.027719 0.028044 
576 576 576 1 0.065664 0.031143 0.034523 0.033520 0.041288 0.024130 0.038542 0.039015 
640 640 640 1 0.089778 0.041671 0.046897 0.045654 0.056325 0.032739 0.052597 0.053202 
704 704 704 1 0.120125 0.055620 0.061757 0.060310 0.074768 0.042868 0.069759 0.070706 
768 768 768 1 0.154537 0.071116 0.079257 0.077472 0.096079 0.054867 0.089662 0.090765 
832 832 832 1 0.192667 0.090100 0.099911 0.097395 0.120660 0.069218 0.112593 0.113899 
896 896 896 1 0.241615 0.111066 0.123610 0.121205 0.150711 0.085638 0.140540 0.142211 
960 960 960 1 0.296086 0.135774 0.151120 0.148390 0.184661 0.104623 0.172155 0.174134 
1024 1024 1024 1 0.355804 0.164726 0.181375 0.179523 0.223067 0.126867 0.208036 0.210501 
1088 1088 1088 1 0.429897 0.196187 0.217576 0.214246 0.266262 0.151162 0.247171 0.252302 
1152 1152 1152 1 0.504500 0.230966 0.257178 0.254064 0.315129 0.179089 0.294690 0.298342 
1216 1216 1216 1 0.595874 0.270384 0.302480 0.297421 0.370729 0.209079 0.346700 0.352974 
1280 1280 1280 1 0.692559 0.312210 0.350817 0.345832 0.431374 0.242965 0.402100 0.406868 
1344 1344 1344 1 0.797060 0.361092 0.405100 0.400090 0.498173 0.281032 0.466179 0.471923 
1408 1408 1408 1 0.918004 0.413424 0.464920 0.458272 0.569625 0.321631 0.532379 0.539106 
1472 1472 1472 1 1.048240 0.473063 0.530183 0.522009 0.650490 0.365296 0.607880 0.617092 
1536 1536 1536 1 1.188762 0.534760 0.599172 0.591945 0.738651 0.414339 0.695857 0.702660 
1600 1600 1600 1 1.341420 0.605850 0.675604 0.667616 0.833192 0.466502 0.782691 0.791950 
1664 1664 1664 1 1.506478 0.675070 0.753624 0.750717 0.934727 0.524078 0.876170 0.886498 
1728 1728 1728 1 1.682852 0.759673 0.848810 0.838738 1.047005 0.585464 0.979836 0.994647 
1792 1792 1792 1 1.876563 0.839488 0.940859 0.935145 1.166998 0.651363 1.095414 1.108429 
1856 1856 1856 1 2.085688 0.931857 1.045654 1.039571 1.297072 0.725829 1.212792 1.227210 
1920 1920 1920 1 2.303738 1.029102 1.155386 1.149900 1.433796 0.798660 1.340447 1.356350 
1984 1984 1984 1 2.542556 1.135055 1.272307 1.268390 1.583651 0.879734 1.478872 1.496318 
2048 2048 2048 1 2.791416 1.250411 1.396776 1.398705 1.737051 0.969871 1.628305 1.647545
