64 64 64 1 0.001155 0.000268 0.000203 0.000250 0.000829 0.000526 0.000489 0.000579 
128 128 128 1 0.001177 0.000396 0.000495 0.000466 0.001001 0.000405 0.000371 0.001037 
192 192 192 1 0.003743 0.001291 0.001455 0.001464 0.001768 0.001296 0.001140 0.003507 
256 256 256 1 0.006995 0.002341 0.002692 0.002808 0.003389 0.002446 0.002303 0.007279 
320 320 320 1 0.013728 0.004602 0.005189 0.005727 0.006597 0.004807 0.004388 0.014329 
384 384 384 1 0.022101 0.007021 0.007951 0.008584 0.010149 0.007583 0.007142 0.023423 
448 448 448 1 0.035310 0.011587 0.013175 0.014674 0.016763 0.011935 0.011330 0.037733 
512 512 512 1 0.051225 0.016127 0.018048 0.019438 0.023266 0.017445 0.016438 0.055001 
576 576 576 1 0.073403 0.023770 0.027077 0.030078 0.034402 0.024648 0.023466 0.078805 
640 640 640 1 0.099175 0.030486 0.034199 0.037100 0.044449 0.033293 0.031543 0.106493 
704 704 704 1 0.132477 0.042422 0.048445 0.053785 0.061640 0.044237 0.042427 0.142706 
768 768 768 1 0.170529 0.052298 0.058939 0.063514 0.076284 0.057154 0.054377 0.183826 
832 832 832 1 0.217312 0.069007 0.079188 0.087825 0.100612 0.072240 0.069460 0.234910 
896 896 896 1 0.269478 0.081561 0.092122 0.099728 0.119492 0.089752 0.085751 0.290967 
960 960 960 1 0.332191 0.105024 0.120622 0.133960 0.153599 0.110132 0.106344 0.359607 
1024 1024 1024 1 0.401412 0.122386 0.138180 0.148891 0.178753 0.134114 0.128825 0.434516 
1088 1088 1088 1 0.482025 0.151903 0.174644 0.193745 0.222192 0.159337 0.154372 0.522585 
1152 1152 1152 1 0.570502 0.171724 0.193966 0.210265 0.251943 0.189373 0.181905 0.617886 
1216 1216 1216 1 0.671949 0.211472 0.243005 0.269791 0.309218 0.222357 0.215554 0.728692 
1280 1280 1280 1 0.781603 0.236102 0.267184 0.287853 0.346180 0.259417 0.249534 0.846124 
1344 1344 1344 1 0.904728 0.283880 0.327039 0.362324 0.416113 0.298678 0.290184 0.982137 
1408 1408 1408 1 1.039595 0.311316 0.351861 0.381472 0.457345 0.343937 0.332359 1.126153 
1472 1472 1472 1 1.187973 0.371519 0.428700 0.473748 0.545637 0.391831 0.380612 1.289259 
1536 1536 1536 1 1.348548 0.406342 0.459894 0.496049 0.595952 0.447498 0.432936 1.462054 
1600 1600 1600 1 1.524578 0.475349 0.549268 0.606486 0.700403 0.501811 0.488138 1.653972 
1664 1664 1664 1 1.713832 0.512121 0.578741 0.627342 0.752416 0.565740 0.548181 1.857738 
1728 1728 1728 1 1.917005 0.598494 0.691265 0.764658 0.880243 0.631617 0.614839 2.082519 
1792 1792 1792 1 2.140385 0.641958 0.727148 0.783758 0.942595 0.706875 0.683336 2.319802 
1856 1856 1856 1 2.374738 0.740373 0.855257 0.944874 1.089981 0.782297 0.761763 2.579840 
1920 1920 1920 1 2.627622 0.783331 0.886361 0.961514 1.152585 0.867498 0.842242 2.852791 
1984 1984 1984 1 2.898603 0.903101 1.042617 1.153963 1.328815 0.954256 0.930282 3.149927 
2048 2048 2048 1 3.189419 0.957354 1.083170 1.168268 1.404997 1.053887 1.023283 3.462165
