64 64 64 1 0.001055 0.000255 0.000207 0.000716 0.000525 0.000547 0.001083 0.000234 
128 128 128 1 0.001159 0.000349 0.000884 0.001051 0.001074 0.000476 0.001784 0.000844 
192 192 192 1 0.003839 0.001260 0.001281 0.001606 0.001789 0.001285 0.006340 0.001483 
256 256 256 1 0.007005 0.002069 0.002285 0.002928 0.003521 0.002582 0.012876 0.002615 
320 320 320 1 0.013724 0.004618 0.004394 0.005759 0.006707 0.004943 0.026406 0.004929 
384 384 384 1 0.022109 0.006084 0.007105 0.008933 0.010702 0.007892 0.042704 0.008036 
448 448 448 1 0.035342 0.011447 0.010934 0.014810 0.017044 0.012328 0.070266 0.012568 
512 512 512 1 0.051320 0.013776 0.016043 0.020484 0.024750 0.017907 0.100563 0.018295 
576 576 576 1 0.073326 0.023382 0.022372 0.030362 0.035260 0.025403 0.147658 0.025934 
640 640 640 1 0.099171 0.026135 0.030344 0.038997 0.047466 0.034176 0.195618 0.034966 
704 704 704 1 0.132396 0.042042 0.040098 0.054321 0.063572 0.045610 0.268010 0.046492 
768 768 768 1 0.170409 0.044718 0.052071 0.066885 0.081704 0.058712 0.337810 0.060058 
832 832 832 1 0.217318 0.068483 0.065502 0.088786 0.104014 0.074662 0.440911 0.076051 
896 896 896 1 0.269539 0.069856 0.081529 0.105042 0.128732 0.092288 0.535537 0.094351 
960 960 960 1 0.332230 0.104433 0.099567 0.135424 0.158632 0.113691 0.675880 0.115758 
1024 1024 1024 1 0.401412 0.104417 0.121746 0.156664 0.192480 0.138157 0.799877 0.141049 
1088 1088 1088 1 0.482308 0.151095 0.143991 0.196213 0.229851 0.164588 0.982035 0.167632 
1152 1152 1152 1 0.570484 0.147106 0.171762 0.221466 0.272572 0.194892 1.137676 0.199294 
1216 1216 1216 1 0.671858 0.210056 0.200973 0.273052 0.320778 0.229588 1.368921 0.233934 
1280 1280 1280 1 0.781731 0.201216 0.235081 0.303257 0.372435 0.266655 1.559647 0.272941 
1344 1344 1344 1 0.905862 0.282883 0.270097 0.366106 0.431660 0.308638 1.848062 0.313954 
1408 1408 1408 1 1.039697 0.266496 0.311341 0.402006 0.495629 0.354484 2.074389 0.361831 
1472 1472 1472 1 1.188083 0.370147 0.353974 0.480908 0.566099 0.404543 2.426119 0.412352 
1536 1536 1536 1 1.348606 0.346835 0.405138 0.522533 0.644398 0.461179 2.695334 0.470749 
1600 1600 1600 1 1.525214 0.474480 0.453176 0.615756 0.725571 0.518270 3.114650 0.528212 
1664 1664 1664 1 1.713395 0.437900 0.511894 0.661164 0.816135 0.583283 3.423834 0.595365 
1728 1728 1728 1 1.919723 0.597407 0.570256 0.775683 0.913280 0.652307 3.920832 0.664733 
1792 1792 1792 1 2.141157 0.547226 0.639528 0.825948 1.017341 0.726787 4.278811 0.743937 
1856 1856 1856 1 2.376367 0.739479 0.706256 0.959747 1.131101 0.807862 4.857241 0.823300 
1920 1920 1920 1 2.626975 0.671039 0.784698 1.013307 1.252037 0.894517 5.261652 0.912877 
1984 1984 1984 1 2.898059 0.901775 0.861382 1.168871 1.380244 0.985557 5.929812 1.004543 
2048 2048 2048 1 3.193723 0.815223 0.953480 1.231091 1.519774 1.086091 6.383422 1.109070
