64 64 64 1 0.001136 0.000260 0.000263 0.000232 0.000329 0.000257 0.000758 0.000232 
128 128 128 1 0.001049 0.000411 0.000465 0.000550 0.001164 0.000476 0.001200 0.000559 
192 192 192 1 0.003748 0.001261 0.001260 0.001537 0.001885 0.001534 0.003861 0.001626 
256 256 256 1 0.006911 0.002381 0.002334 0.002889 0.003726 0.002921 0.007980 0.003100 
320 320 320 1 0.013712 0.004381 0.004270 0.005505 0.007207 0.005613 0.015733 0.005897 
384 384 384 1 0.022173 0.007064 0.007026 0.008921 0.011682 0.008830 0.025837 0.009543 
448 448 448 1 0.035322 0.011173 0.010924 0.014037 0.018632 0.014120 0.041396 0.015160 
512 512 512 1 0.051311 0.016354 0.015853 0.020258 0.027026 0.020581 0.060137 0.022122 
576 576 576 1 0.073385 0.022948 0.022329 0.028587 0.038225 0.029149 0.086276 0.031215 
640 640 640 1 0.099114 0.030811 0.030089 0.038503 0.051379 0.039215 0.116236 0.042232 
704 704 704 1 0.132507 0.041057 0.039936 0.051250 0.068449 0.052203 0.155738 0.055807 
768 768 768 1 0.170531 0.053219 0.051484 0.065924 0.088341 0.067575 0.200851 0.072826 
832 832 832 1 0.217354 0.066981 0.065184 0.083443 0.111591 0.084763 0.255221 0.091398 
896 896 896 1 0.269417 0.082917 0.080693 0.103372 0.138112 0.105347 0.316712 0.113120 
960 960 960 1 0.332195 0.102183 0.099257 0.127204 0.170042 0.129171 0.390116 0.138929 
1024 1024 1024 1 0.401295 0.123527 0.120433 0.154115 0.206639 0.158261 0.472095 0.169863 
1088 1088 1088 1 0.482109 0.147899 0.143515 0.183985 0.246089 0.187109 0.566214 0.201085 
1152 1152 1152 1 0.570421 0.174073 0.169969 0.217695 0.290587 0.222100 0.669579 0.238340 
1216 1216 1216 1 0.671646 0.205140 0.199978 0.256139 0.341992 0.260058 0.788027 0.280341 
1280 1280 1280 1 0.781374 0.240525 0.232679 0.297837 0.400195 0.306352 0.918110 0.327311 
1344 1344 1344 1 0.905680 0.275950 0.268566 0.344010 0.460074 0.350101 1.061883 0.376861 
1408 1408 1408 1 1.039437 0.316578 0.308185 0.394675 0.527155 0.402031 1.217775 0.432704 
1472 1472 1472 1 1.188283 0.361350 0.351677 0.450465 0.602260 0.458766 1.393316 0.494286 
1536 1536 1536 1 1.348336 0.411102 0.401041 0.513075 0.688399 0.527429 1.582714 0.561995 
1600 1600 1600 1 1.524044 0.463230 0.449980 0.576632 0.770776 0.587556 1.786411 0.633689 
1664 1664 1664 1 1.713464 0.520551 0.506497 0.648873 0.866748 0.660975 2.005743 0.712137 
1728 1728 1728 1 1.919090 0.582792 0.566495 0.725731 0.969553 0.738837 2.248029 0.796959 
1792 1792 1792 1 2.140643 0.651036 0.633109 0.810535 1.088470 0.834246 2.508996 0.888004 
1856 1856 1856 1 2.374594 0.720676 0.700914 0.898183 1.199086 0.914500 2.783914 0.986779 
1920 1920 1920 1 2.628838 0.797100 0.776467 0.993962 1.326858 1.012706 3.079099 1.091092 
1984 1984 1984 1 2.898001 0.879926 0.855403 1.095358 1.462929 1.116370 3.398713 1.203971 
2048 2048 2048 1 3.189763 0.969241 0.943353 1.207731 1.620934 1.243135 3.739837 1.325146
