128 128 128 1 0.001171 0.000380 0.000425 0.001120 0.000627 0.000500 0.001904 0.000824 
192 192 192 1 0.003840 0.001272 0.001359 0.001720 0.001912 0.001466 0.006315 0.001603 
256 256 256 1 0.006894 0.002205 0.002490 0.003323 0.003690 0.002756 0.013153 0.002893 
320 320 320 1 0.013732 0.004438 0.004688 0.005888 0.007186 0.005276 0.026333 0.005548 
384 384 384 1 0.022145 0.006573 0.007579 0.010239 0.011542 0.008444 0.043451 0.009013 
448 448 448 1 0.035348 0.011038 0.011832 0.015353 0.018413 0.013382 0.069978 0.014079 
512 512 512 1 0.051226 0.014789 0.017166 0.023560 0.026649 0.019309 0.102306 0.020615 
576 576 576 1 0.073367 0.022557 0.024248 0.031468 0.038035 0.027494 0.147099 0.028977 
640 640 640 1 0.099166 0.028060 0.032674 0.044844 0.051239 0.036934 0.199078 0.039397 
704 704 704 1 0.132467 0.040364 0.043452 0.056294 0.068494 0.049380 0.266961 0.052060 
768 768 768 1 0.170522 0.048002 0.056098 0.077125 0.088053 0.063452 0.343830 0.067660 
832 832 832 1 0.217299 0.065608 0.071040 0.092003 0.112144 0.080696 0.439235 0.085213 
896 896 896 1 0.269476 0.075241 0.087873 0.120352 0.138796 0.099834 0.545081 0.106255 
960 960 960 1 0.332168 0.099914 0.108157 0.140302 0.171086 0.122971 0.673053 0.129901 
1024 1024 1024 1 0.401358 0.112643 0.131498 0.180306 0.207540 0.149238 0.814084 0.158715 
1088 1088 1088 1 0.481995 0.144403 0.156539 0.203063 0.248026 0.178114 0.978384 0.188231 
1152 1152 1152 1 0.570457 0.158942 0.185819 0.253424 0.293671 0.211234 1.157927 0.224375 
1216 1216 1216 1 0.671984 0.200887 0.218400 0.282869 0.345998 0.248466 1.365023 0.262639 
1280 1280 1280 1 0.781688 0.216713 0.253636 0.348779 0.401988 0.288311 1.589423 0.307351 
1344 1344 1344 1 0.905602 0.269652 0.293571 0.380166 0.465714 0.334186 1.841445 0.353370 
1408 1408 1408 1 1.039906 0.288165 0.337304 0.459682 0.534697 0.383868 2.113925 0.407466 
1472 1472 1472 1 1.188998 0.352826 0.384820 0.498104 0.610829 0.437607 2.417992 0.463370 
1536 1536 1536 1 1.348643 0.375057 0.438862 0.600098 0.695026 0.497360 2.745904 0.529881 
1600 1600 1600 1 1.525678 0.451213 0.492888 0.637910 0.783071 0.561439 3.103603 0.593825 
1664 1664 1664 1 1.713754 0.474019 0.555042 0.755892 0.880674 0.631926 3.487932 0.670479 
1728 1728 1728 1 1.919175 0.568426 0.620185 0.802854 0.985690 0.706711 3.907987 0.747345 
1792 1792 1792 1 2.136235 0.590214 0.691144 0.948745 1.097748 0.788993 4.357536 0.837861 
1856 1856 1856 1 2.375513 0.702775 0.768098 0.993781 1.220794 0.875291 4.842164 0.925723 
1920 1920 1920 1 2.627942 0.726416 0.850842 1.156961 1.351119 0.969144 5.358426 1.028070 
1984 1984 1984 1 2.898912 0.854180 0.936844 1.212279 1.489739 1.067905 5.912772 1.129529 
2048 2048 2048 1 3.189404 0.882035 1.033268 1.413090 1.639601 1.173543 6.504922 1.249242
