64 64 64 1 0.001051 0.000191 0.000203 0.000489 0.000506 0.000536 0.000487 0.000510 
128 128 128 1 0.001177 0.000359 0.000405 0.001017 0.001164 0.000864 0.000764 0.000887 
192 192 192 1 0.003615 0.001216 0.001256 0.001592 0.001766 0.001364 0.001377 0.001306 
256 256 256 1 0.006885 0.002011 0.002259 0.002920 0.003514 0.002675 0.002663 0.002652 
320 320 320 1 0.013648 0.004496 0.004419 0.005740 0.006631 0.004878 0.005026 0.005040 
384 384 384 1 0.022127 0.005930 0.007102 0.008919 0.010705 0.007863 0.008183 0.008146 
448 448 448 1 0.035354 0.011417 0.010929 0.014788 0.017041 0.012322 0.012915 0.012749 
512 512 512 1 0.051262 0.013841 0.016056 0.020505 0.024722 0.017954 0.018687 0.018543 
576 576 576 1 0.073395 0.023387 0.022359 0.030362 0.035223 0.025473 0.026483 0.026307 
640 640 640 1 0.099071 0.026127 0.030416 0.039049 0.047468 0.034167 0.035612 0.035415 
704 704 704 1 0.132481 0.042006 0.040069 0.054328 0.063509 0.045629 0.047595 0.047291 
768 768 768 1 0.170528 0.044617 0.052005 0.066845 0.081670 0.058723 0.061279 0.060820 
832 832 832 1 0.217336 0.068498 0.065440 0.088718 0.104003 0.074666 0.077927 0.077363 
896 896 896 1 0.269472 0.069824 0.081503 0.104992 0.128735 0.092289 0.096311 0.095677 
960 960 960 1 0.332054 0.104415 0.099593 0.135514 0.158639 0.113656 0.118674 0.117838 
1024 1024 1024 1 0.401431 0.104372 0.121775 0.156655 0.192468 0.138102 0.144173 0.143295 
1088 1088 1088 1 0.481938 0.151072 0.144187 0.196254 0.229911 0.164581 0.171814 0.170776 
1152 1152 1152 1 0.570420 0.147061 0.171688 0.221459 0.272573 0.195104 0.203897 0.202504 
1216 1216 1216 1 0.671981 0.210068 0.200976 0.273068 0.320772 0.229558 0.239760 0.238229 
1280 1280 1280 1 0.781466 0.201258 0.235055 0.303270 0.373010 0.266499 0.278528 0.276506 
1344 1344 1344 1 0.904680 0.282944 0.269970 0.367183 0.431448 0.308084 0.322209 0.320188 
1408 1408 1408 1 1.039656 0.266464 0.311387 0.402048 0.495562 0.354494 0.370304 0.367968 
1472 1472 1472 1 1.187585 0.370516 0.354018 0.480905 0.566108 0.404614 0.422806 0.419982 
1536 1536 1536 1 1.347965 0.346857 0.405060 0.522578 0.644336 0.461224 0.481863 0.478636 
1600 1600 1600 1 1.525003 0.474689 0.453209 0.615790 0.725578 0.518264 0.541648 0.538007 
1664 1664 1664 1 1.712754 0.437926 0.511985 0.661187 0.816173 0.583443 0.609587 0.605625 
1728 1728 1728 1 1.919387 0.597276 0.570365 0.775708 0.913278 0.652339 0.681715 0.677275 
1792 1792 1792 1 2.138792 0.547274 0.639707 0.825921 1.017754 0.726714 0.759473 0.754240 
1856 1856 1856 1 2.373853 0.739360 0.706288 0.959784 1.131143 0.807845 0.844335 0.838708 
1920 1920 1920 1 2.626897 0.670963 0.784612 1.013308 1.251983 0.894613 0.934870 0.928750 
1984 1984 1984 1 2.898307 0.902117 0.861397 1.171249 1.380076 0.985571 1.030097 1.023268 
2048 2048 2048 1 3.193471 0.815280 0.953483 1.231033 1.519912 1.086320 1.135195 1.127559
