64 64 64 1 0.001130 0.000631 0.000510 0.000443 0.000657 0.000576 0.000631 0.000519 
128 128 128 1 0.001177 0.000383 0.000505 0.000626 0.000830 0.000437 0.001178 0.000486 
192 192 192 1 0.003844 0.001296 0.001311 0.001859 0.002574 0.001421 0.003639 0.001338 
256 256 256 1 0.007022 0.002268 0.002625 0.003522 0.004916 0.002758 0.007493 0.002717 
320 320 320 1 0.013732 0.004596 0.005037 0.006536 0.009570 0.005298 0.014615 0.005201 
384 384 384 1 0.022108 0.007120 0.008003 0.010824 0.015580 0.008385 0.024023 0.008394 
448 448 448 1 0.035314 0.011585 0.012572 0.016581 0.024720 0.013360 0.038691 0.013246 
512 512 512 1 0.051320 0.016063 0.018175 0.025024 0.036139 0.019382 0.056394 0.019159 
576 576 576 1 0.073336 0.023678 0.025889 0.034216 0.051396 0.027415 0.080815 0.027144 
640 640 640 1 0.099183 0.030493 0.034461 0.047712 0.069809 0.036880 0.109388 0.036535 
704 704 704 1 0.132490 0.042427 0.046181 0.061640 0.092689 0.049404 0.146216 0.048853 
768 768 768 1 0.170443 0.052260 0.059225 0.082243 0.119841 0.063475 0.188690 0.062884 
832 832 832 1 0.217393 0.069019 0.075300 0.100832 0.151858 0.080725 0.240318 0.079965 
896 896 896 1 0.269419 0.081560 0.092871 0.128702 0.189522 0.099775 0.298534 0.098787 
960 960 960 1 0.332169 0.105027 0.114872 0.153977 0.232255 0.122962 0.368090 0.121864 
1024 1024 1024 1 0.401379 0.122368 0.138746 0.192840 0.282116 0.149337 0.445677 0.147925 
1088 1088 1088 1 0.482062 0.151975 0.166097 0.223192 0.336834 0.178317 0.534772 0.176384 
1152 1152 1152 1 0.570476 0.171740 0.195910 0.271172 0.401069 0.211205 0.633128 0.209226 
1216 1216 1216 1 0.671883 0.211468 0.231380 0.310437 0.468689 0.248549 0.745807 0.246122 
1280 1280 1280 1 0.781400 0.236130 0.268258 0.373826 0.548729 0.288374 0.868162 0.285705 
1344 1344 1344 1 0.905222 0.283887 0.310710 0.418289 0.632037 0.334182 1.005159 0.330927 
1408 1408 1408 1 1.039911 0.311300 0.355544 0.492589 0.730885 0.383883 1.153967 0.380099 
1472 1472 1472 1 1.187376 0.371483 0.406956 0.548512 0.829004 0.438265 1.319447 0.433959 
1536 1536 1536 1 1.348140 0.406356 0.462497 0.643594 0.947279 0.497355 1.499376 0.494463 
1600 1600 1600 1 1.525682 0.475327 0.521006 0.702566 1.062807 0.561390 1.692848 0.555947 
1664 1664 1664 1 1.713068 0.512111 0.584785 0.810690 1.203667 0.631904 1.903169 0.625701 
1728 1728 1728 1 1.915682 0.598475 0.655659 0.884866 1.337714 0.706725 2.131341 0.699756 
1792 1792 1792 1 2.140243 0.642004 0.730642 1.018410 1.500363 0.787238 2.377797 0.779534 
1856 1856 1856 1 2.374784 0.740368 0.811552 1.095216 1.656676 0.875252 2.643285 0.866718 
1920 1920 1920 1 2.626525 0.783323 0.896516 1.241703 1.845929 0.969120 2.922244 0.959558 
1984 1984 1984 1 2.899637 0.903125 0.989820 1.337199 2.022801 1.067920 3.226846 1.057439 
2048 2048 2048 1 3.189947 0.957461 1.089249 1.517252 2.238371 1.176099 3.547961 1.165032
