64 64 64 1 0.000417 0.000264 0.000235 0.000269 0.000304 0.000225 0.000450 0.000224 
128 128 128 1 0.001424 0.000803 0.000689 0.000824 0.000963 0.000652 0.001526 0.000652 
192 192 192 1 0.003004 0.001609 0.001380 0.001679 0.001991 0.001304 0.003275 0.001285 
256 256 256 1 0.006376 0.003284 0.002785 0.003450 0.004139 0.002617 0.007017 0.002578 
320 320 320 1 0.012350 0.006174 0.005189 0.006535 0.007904 0.004866 0.013671 0.004785 
384 384 384 1 0.021734 0.010643 0.008699 0.011090 0.013611 0.008137 0.023759 0.007990 
448 448 448 1 0.033324 0.016114 0.013166 0.016967 0.020813 0.012263 0.036665 0.012086 
512 512 512 1 0.047080 0.022518 0.018790 0.024144 0.029620 0.017484 0.052900 0.017162 
576 576 576 1 0.065723 0.031182 0.025981 0.033496 0.041147 0.024155 0.074146 0.023704 
640 640 640 1 0.089762 0.042264 0.035289 0.045624 0.056243 0.032766 0.101673 0.032153 
704 704 704 1 0.120141 0.055579 0.046339 0.060314 0.074632 0.042972 0.134610 0.042159 
768 768 768 1 0.154613 0.071978 0.059345 0.077422 0.095952 0.054929 0.173560 0.053939 
832 832 832 1 0.192708 0.089325 0.074405 0.097358 0.120393 0.069303 0.219852 0.067833 
896 896 896 1 0.242508 0.111255 0.092721 0.121208 0.150462 0.085754 0.273481 0.083931 
960 960 960 1 0.296195 0.135398 0.113275 0.148396 0.184315 0.104775 0.335417 0.102573 
1024 1024 1024 1 0.355645 0.163862 0.137312 0.178817 0.222623 0.127070 0.408576 0.124289 
1088 1088 1088 1 0.429272 0.194147 0.163066 0.214135 0.265720 0.150473 0.488593 0.147337 
1152 1152 1152 1 0.504517 0.229854 0.193909 0.253948 0.315399 0.179296 0.580272 0.175262 
1216 1216 1216 1 0.595599 0.270264 0.226349 0.297155 0.370018 0.209440 0.679826 0.204628 
1280 1280 1280 1 0.693259 0.313478 0.263378 0.345577 0.430511 0.243366 0.792382 0.237678 
1344 1344 1344 1 0.797055 0.361391 0.302949 0.399947 0.497123 0.281518 0.918653 0.273767 
1408 1408 1408 1 0.920002 0.412606 0.347835 0.458046 0.569911 0.320126 1.053953 0.314747 
1472 1472 1472 1 1.048450 0.473327 0.395987 0.522917 0.650836 0.365196 1.202991 0.357831 
1536 1536 1536 1 1.186418 0.534837 0.449765 0.591754 0.737580 0.415273 1.364239 0.407375 
1600 1600 1600 1 1.338015 0.601063 0.506972 0.667391 0.831837 0.467498 1.540529 0.457742 
1664 1664 1664 1 1.508526 0.678012 0.568750 0.750824 0.935145 0.526295 1.734594 0.514543 
1728 1728 1728 1 1.684676 0.755261 0.636758 0.838651 1.045236 0.587587 1.939253 0.575272 
1792 1792 1792 1 1.876110 0.838301 0.709167 0.934680 1.165210 0.653651 2.162244 0.642722 
1856 1856 1856 1 2.084782 0.930772 0.788583 1.039084 1.295013 0.724836 2.398680 0.710802 
1920 1920 1920 1 2.304110 1.028656 0.870900 1.148529 1.431615 0.799056 2.653167 0.787441 
1984 1984 1984 1 2.541960 1.134498 0.959146 1.266970 1.580038 0.884237 2.927221 0.868073 
2048 2048 2048 1 2.793813 1.244189 1.052101 1.390558 1.738503 0.969381 3.216995 0.955436
