64 64 64 1 0.000416 0.000267 0.000232 0.000268 0.000208 0.000208 0.000211 
128 128 128 1 0.001422 0.000806 0.000669 0.000822 0.000576 0.000579 0.000581 
192 192 192 1 0.002999 0.001613 0.001336 0.001679 0.001131 0.001124 0.001131 
256 256 256 1 0.006380 0.003305 0.002690 0.003448 0.002269 0.002275 0.002285 
320 320 320 1 0.012347 0.006219 0.005004 0.006523 0.004202 0.004251 0.004264 
384 384 384 1 0.021753 0.010745 0.008400 0.011112 0.006984 0.007181 0.007136 
448 448 448 1 0.033301 0.016245 0.012701 0.016909 0.010557 0.010823 0.010854 
512 512 512 1 0.047068 0.022711 0.018071 0.024131 0.015064 0.015468 0.015474 
576 576 576 1 0.065587 0.031405 0.024978 0.033394 0.020811 0.021403 0.021421 
640 640 640 1 0.089646 0.042593 0.033898 0.045592 0.028197 0.029103 0.029095 
704 704 704 1 0.120228 0.056784 0.044473 0.060223 0.036759 0.038143 0.038208 
768 768 768 1 0.154519 0.072320 0.056967 0.077350 0.047134 0.048882 0.048939 
832 832 832 1 0.192635 0.090174 0.071771 0.097250 0.059600 0.061799 0.061807 
896 896 896 1 0.241589 0.111932 0.088863 0.121145 0.073577 0.076364 0.076483 
960 960 960 1 0.296341 0.136917 0.108483 0.148314 0.090057 0.093537 0.093563 
1024 1024 1024 1 0.355767 0.164961 0.131697 0.178478 0.109430 0.113567 0.112904 
1088 1088 1088 1 0.429083 0.197458 0.155958 0.213955 0.130341 0.135426 0.135492 
1152 1152 1152 1 0.504305 0.232059 0.185928 0.253737 0.154293 0.160485 0.159691 
1216 1216 1216 1 0.595818 0.273043 0.217083 0.297023 0.180062 0.188695 0.187696 
1280 1280 1280 1 0.692469 0.316901 0.252024 0.345531 0.208548 0.218074 0.217897 
1344 1344 1344 1 0.798004 0.367158 0.290826 0.397772 0.241797 0.253734 0.252386 
1408 1408 1408 1 0.919047 0.419453 0.331820 0.455609 0.276995 0.290486 0.289122 
1472 1472 1472 1 1.047839 0.475639 0.379491 0.520099 0.313401 0.330236 0.328153 
1536 1536 1536 1 1.187146 0.540210 0.431510 0.591011 0.357157 0.376949 0.372374 
1600 1600 1600 1 1.339371 0.609044 0.486280 0.666760 0.402546 0.424812 0.421261 
1664 1664 1664 1 1.507235 0.681604 0.546895 0.750063 0.450628 0.475176 0.473811 
1728 1728 1728 1 1.683475 0.764135 0.609619 0.837621 0.503776 0.532867 0.528059 
1792 1792 1792 1 1.876073 0.848059 0.680226 0.933133 0.562009 0.593416 0.591726 
1856 1856 1856 1 2.082740 0.939858 0.755967 1.037944 0.624582 0.656931 0.655602 
1920 1920 1920 1 2.304302 1.039481 0.835190 1.147295 0.688558 0.725871 0.724117 
1984 1984 1984 1 2.541576 1.145125 0.920903 1.265557 0.760368 0.800400 0.799179 
2048 2048 2048 1 2.790721 1.257982 1.013395 1.388993 0.835713 0.880966 0.881911
