64 64 64 1 0.000416 0.000251 0.000269 0.000274 0.000214 0.000206 0.000296 
128 128 128 1 0.001421 0.000763 0.000801 0.000844 0.000597 0.000560 0.000914 
192 192 192 1 0.003004 0.001520 0.001601 0.001728 0.001171 0.001079 0.001885 
256 256 256 1 0.006375 0.003087 0.003271 0.003558 0.002366 0.002174 0.003904 
320 320 320 1 0.012339 0.005789 0.006140 0.006744 0.004406 0.004051 0.007437 
384 384 384 1 0.021728 0.009963 0.010597 0.011486 0.007352 0.006774 0.012819 
448 448 448 1 0.033310 0.015036 0.016017 0.017496 0.011137 0.010234 0.019546 
512 512 512 1 0.047071 0.020977 0.022378 0.024966 0.015955 0.014648 0.027816 
576 576 576 1 0.065732 0.029028 0.031022 0.034652 0.022073 0.020280 0.038677 
640 640 640 1 0.089764 0.039008 0.041635 0.047229 0.029876 0.027529 0.052748 
704 704 704 1 0.120281 0.052327 0.055966 0.062394 0.039283 0.036064 0.070067 
768 768 768 1 0.154589 0.066201 0.070920 0.080114 0.050354 0.046247 0.089872 
832 832 832 1 0.192711 0.082927 0.089549 0.100747 0.063626 0.058375 0.112935 
896 896 896 1 0.241806 0.103022 0.110304 0.125506 0.078718 0.072108 0.140997 
960 960 960 1 0.296157 0.125679 0.134746 0.153564 0.096321 0.088260 0.172763 
1024 1024 1024 1 0.356022 0.152564 0.163601 0.185035 0.116357 0.107265 0.208651 
1088 1088 1088 1 0.429341 0.181246 0.194489 0.220889 0.138502 0.127933 0.248364 
1152 1152 1152 1 0.504300 0.213304 0.229018 0.261508 0.164056 0.151513 0.295533 
1216 1216 1216 1 0.594919 0.248306 0.266887 0.307917 0.192597 0.179610 0.346749 
1280 1280 1280 1 0.692204 0.288554 0.310129 0.358121 0.224044 0.205909 0.404630 
1344 1344 1344 1 0.796866 0.333805 0.357823 0.414063 0.258279 0.238879 0.466284 
1408 1408 1408 1 0.919148 0.383150 0.411731 0.473687 0.295888 0.274141 0.535947 
1472 1472 1472 1 1.046884 0.434301 0.466504 0.539593 0.337863 0.312800 0.610989 
1536 1536 1536 1 1.188046 0.494176 0.530249 0.612822 0.383089 0.355768 0.696153 
1600 1600 1600 1 1.338267 0.554169 0.596825 0.691143 0.431929 0.400895 0.785209 
1664 1664 1664 1 1.507577 0.623625 0.670414 0.774928 0.485434 0.448491 0.879183 
1728 1728 1728 1 1.682476 0.697458 0.749814 0.868332 0.542590 0.502790 0.980684 
1792 1792 1792 1 1.876748 0.774961 0.834037 0.967761 0.604750 0.559907 1.098957 
1856 1856 1856 1 2.085198 0.859347 0.925073 1.072278 0.672611 0.619920 1.216796 
1920 1920 1920 1 2.304338 0.949155 1.020641 1.187266 0.739472 0.685112 1.344862 
1984 1984 1984 1 2.543769 1.045792 1.125034 1.309391 0.815379 0.755242 1.483731 
2048 2048 2048 1 2.793451 1.152069 1.236771 1.439413 0.899188 0.831440 1.633683 
