64 64 64 1 0.000417 0.000267 0.000231 0.000269 0.000205 0.000208 0.000209 
128 128 128 1 0.001425 0.000807 0.000672 0.000822 0.000579 0.000578 0.000584 
192 192 192 1 0.002999 0.001614 0.001337 0.001676 0.001131 0.001124 0.001131 
256 256 256 1 0.006377 0.003301 0.002689 0.003451 0.002269 0.002276 0.002282 
320 320 320 1 0.012334 0.006213 0.005013 0.006524 0.004196 0.004249 0.004261 
384 384 384 1 0.021737 0.010738 0.008378 0.011110 0.007010 0.007177 0.007144 
448 448 448 1 0.033308 0.016237 0.012715 0.016906 0.010515 0.010821 0.010848 
512 512 512 1 0.047071 0.022721 0.018080 0.024125 0.015057 0.015464 0.015459 
576 576 576 1 0.065603 0.031408 0.024979 0.033477 0.020789 0.021393 0.021414 
640 640 640 1 0.089665 0.042623 0.033724 0.045529 0.028175 0.029107 0.029131 
704 704 704 1 0.120253 0.056783 0.044489 0.060284 0.036844 0.038172 0.038190 
768 768 768 1 0.154491 0.072657 0.056964 0.077400 0.047160 0.048909 0.048991 
832 832 832 1 0.192806 0.090281 0.071776 0.097224 0.059617 0.061749 0.061448 
896 896 896 1 0.242199 0.112221 0.088842 0.121150 0.073591 0.076426 0.076496 
960 960 960 1 0.295998 0.136777 0.108634 0.148299 0.090056 0.093485 0.093543 
1024 1024 1024 1 0.355598 0.165504 0.131705 0.178747 0.109345 0.113574 0.113604 
1088 1088 1088 1 0.425940 0.197512 0.155853 0.213439 0.130286 0.135444 0.134357 
1152 1152 1152 1 0.504343 0.232099 0.185899 0.252566 0.154196 0.160553 0.160581 
1216 1216 1216 1 0.594860 0.272770 0.217128 0.297046 0.179726 0.187637 0.187203 
1280 1280 1280 1 0.692669 0.316988 0.252145 0.345419 0.209150 0.217426 0.217664 
1344 1344 1344 1 0.797251 0.366820 0.292066 0.398936 0.240237 0.253674 0.252515 
1408 1408 1408 1 0.919449 0.418640 0.334202 0.457587 0.274710 0.290433 0.288889 
1472 1472 1472 1 1.048094 0.478153 0.381214 0.520071 0.314585 0.330073 0.328168 
1536 1536 1536 1 1.185948 0.538692 0.431203 0.591252 0.355825 0.376967 0.373696 
1600 1600 1600 1 1.337768 0.607046 0.486349 0.666697 0.401624 0.424764 0.421281 
1664 1664 1664 1 1.508647 0.684637 0.546922 0.750003 0.450062 0.475229 0.473934 
1728 1728 1728 1 1.682673 0.762508 0.609530 0.837665 0.503686 0.532853 0.527852 
1792 1792 1792 1 1.874664 0.847117 0.680256 0.933457 0.562415 0.593396 0.589617 
1856 1856 1856 1 2.084102 0.939210 0.755972 1.037973 0.625172 0.656822 0.655458 
1920 1920 1920 1 2.303161 1.038346 0.835248 1.147055 0.689359 0.725940 0.726518 
1984 1984 1984 1 2.540172 1.144967 0.921022 1.265701 0.761390 0.800353 0.798728 
2048 2048 2048 1 2.792807 1.258429 1.010410 1.392128 0.834464 0.881069 0.881904
