64 64 64 1 0.000417 0.000266 0.000239 0.000256 0.000276 0.000220 0.000211 0.000209 
128 128 128 1 0.001425 0.000809 0.000672 0.000749 0.000826 0.000628 0.000581 0.000583 
192 192 192 1 0.003004 0.001616 0.001342 0.001508 0.001681 0.001240 0.001131 0.001133 
256 256 256 1 0.006371 0.003304 0.002695 0.003078 0.003458 0.002480 0.002285 0.002288 
320 320 320 1 0.012357 0.006230 0.005021 0.005778 0.006544 0.004593 0.004262 0.004276 
384 384 384 1 0.021740 0.010747 0.008387 0.009799 0.011165 0.007639 0.007210 0.007183 
448 448 448 1 0.033310 0.016246 0.012691 0.014830 0.016922 0.011521 0.010872 0.010865 
512 512 512 1 0.047097 0.022739 0.018095 0.021107 0.024137 0.016390 0.015517 0.015506 
576 576 576 1 0.065722 0.031480 0.025018 0.029230 0.033518 0.022621 0.021450 0.021458 
640 640 640 1 0.089847 0.042681 0.033925 0.039763 0.045573 0.030665 0.029139 0.029157 
704 704 704 1 0.120141 0.056271 0.044584 0.052400 0.060371 0.040090 0.038252 0.038271 
768 768 768 1 0.154582 0.072426 0.057047 0.067189 0.077461 0.051262 0.049087 0.049029 
832 832 832 1 0.192714 0.090246 0.071803 0.084452 0.097321 0.064670 0.061855 0.061887 
896 896 896 1 0.242502 0.112340 0.088880 0.104938 0.121223 0.079866 0.076482 0.076564 
960 960 960 1 0.296271 0.137030 0.108700 0.128430 0.148436 0.097617 0.093842 0.093680 
1024 1024 1024 1 0.355621 0.165597 0.131785 0.155411 0.179369 0.118475 0.114088 0.113301 
1088 1088 1088 1 0.429405 0.197593 0.156712 0.184560 0.213574 0.141150 0.136340 0.135144 
1152 1152 1152 1 0.504444 0.232336 0.185275 0.219637 0.252618 0.166160 0.160992 0.160790 
1216 1216 1216 1 0.595219 0.272946 0.217007 0.256611 0.297191 0.194223 0.190352 0.187892 
1280 1280 1280 1 0.692806 0.317092 0.252563 0.298421 0.345674 0.226466 0.218186 0.218195 
1344 1344 1344 1 0.797080 0.364308 0.292120 0.345520 0.397697 0.260111 0.253971 0.252961 
1408 1408 1408 1 0.918957 0.417364 0.334421 0.395623 0.456357 0.299544 0.290685 0.289597 
1472 1472 1472 1 1.046662 0.476164 0.381691 0.451505 0.522445 0.340084 0.331656 0.330445 
1536 1536 1536 1 1.186327 0.539518 0.431657 0.511457 0.591007 0.386011 0.377210 0.374102 
1600 1600 1600 1 1.338926 0.608033 0.486565 0.579974 0.666870 0.435097 0.425023 0.421536 
1664 1664 1664 1 1.505776 0.680702 0.546802 0.649893 0.749916 0.487364 0.475466 0.474262 
1728 1728 1728 1 1.682033 0.762474 0.610898 0.728798 0.837757 0.544353 0.533125 0.531110 
1792 1792 1792 1 1.878836 0.848809 0.680466 0.811805 0.933743 0.606224 0.593802 0.590162 
1856 1856 1856 1 2.084679 0.940144 0.756298 0.898534 1.038052 0.675148 0.657176 0.657598 
1920 1920 1920 1 2.304167 1.039769 0.835474 0.993140 1.148023 0.746068 0.726341 0.726593 
1984 1984 1984 1 2.544059 1.147608 0.921522 1.095225 1.267439 0.822298 0.800929 0.801310 
2048 2048 2048 1 2.790268 1.260312 1.016365 1.205721 1.391909 0.902276 0.881467 0.881854
