64 64 64 1 0.001152 0.000540 0.000532 0.000625 0.000547 0.000473 0.000545 0.000647 
128 128 128 1 0.001160 0.000400 0.000364 0.000429 0.001024 0.000350 0.000415 0.001127 
192 192 192 1 0.003731 0.001045 0.001146 0.001275 0.001526 0.001156 0.001120 0.003561 
256 256 256 1 0.006999 0.001928 0.002129 0.002664 0.003265 0.002156 0.002190 0.007289 
320 320 320 1 0.013635 0.003478 0.003975 0.004859 0.005884 0.004009 0.004158 0.014466 
384 384 384 1 0.022078 0.005461 0.006198 0.007776 0.009601 0.006411 0.006754 0.023785 
448 448 448 1 0.035346 0.008708 0.010180 0.012317 0.014983 0.010115 0.010717 0.038201 
512 512 512 1 0.051309 0.012456 0.014188 0.017637 0.022241 0.014731 0.015540 0.055651 
576 576 576 1 0.073391 0.017583 0.020823 0.025146 0.030850 0.020910 0.022233 0.079769 
640 640 640 1 0.099089 0.023469 0.026783 0.033407 0.042354 0.028117 0.029794 0.107900 
704 704 704 1 0.132458 0.031308 0.037243 0.044845 0.055273 0.037455 0.040205 0.144549 
768 768 768 1 0.170506 0.040309 0.045731 0.057264 0.072893 0.048249 0.051357 0.186153 
832 832 832 1 0.217353 0.051048 0.060482 0.073104 0.090100 0.061217 0.065851 0.237710 
896 896 896 1 0.269357 0.062977 0.071512 0.089969 0.114110 0.075774 0.080869 0.294621 
960 960 960 1 0.332189 0.077444 0.091654 0.111393 0.137395 0.093228 0.100724 0.364134 
1024 1024 1024 1 0.401388 0.094285 0.106848 0.134348 0.171202 0.113612 0.121560 0.440188 
1088 1088 1088 1 0.482109 0.112067 0.132634 0.161091 0.198990 0.135149 0.146051 0.528909 
1152 1152 1152 1 0.570443 0.132673 0.150528 0.189570 0.240503 0.160277 0.172215 0.625464 
1216 1216 1216 1 0.671886 0.156082 0.185397 0.224231 0.277212 0.188739 0.203938 0.737630 
1280 1280 1280 1 0.781620 0.181238 0.206049 0.259606 0.331685 0.219087 0.235766 0.856768 
1344 1344 1344 1 0.905385 0.209529 0.247342 0.300961 0.371506 0.253622 0.274401 0.994175 
1408 1408 1408 1 1.039682 0.240603 0.272777 0.344001 0.436895 0.290545 0.313905 1.140120 
1472 1472 1472 1 1.188708 0.274397 0.323757 0.394208 0.486854 0.332746 0.360023 1.305175 
1536 1536 1536 1 1.348431 0.313432 0.355103 0.447476 0.571129 0.378127 0.409162 1.481586 
1600 1600 1600 1 1.525241 0.351094 0.416929 0.504826 0.625142 0.426554 0.461771 1.674467 
1664 1664 1664 1 1.713605 0.395364 0.448203 0.565702 0.719220 0.479393 0.517844 1.880714 
1728 1728 1728 1 1.916854 0.441814 0.523246 0.634919 0.785289 0.536624 0.581491 2.108271 
1792 1792 1792 1 2.140662 0.491949 0.559974 0.706733 0.903668 0.598410 0.645836 2.347924 
1856 1856 1856 1 2.372358 0.547026 0.646701 0.785774 0.969775 0.664601 0.720425 2.611721 
1920 1920 1920 1 2.628071 0.605939 0.686823 0.867221 1.101172 0.735878 0.795694 2.887998 
1984 1984 1984 1 2.896580 0.667035 0.787268 0.958282 1.183072 0.811076 0.879594 3.188916 
2048 2048 2048 1 3.193781 0.736155 0.834474 1.053040 1.345556 0.893606 0.966815 3.505470
