64 64 64 1 0.001048 0.000390 0.000387 0.000408 0.000780 0.000336 0.000328 0.000401 
128 128 128 1 0.001258 0.001107 0.001222 0.001262 0.001333 0.001100 0.001052 0.001090 
192 192 192 1 0.003823 0.003853 0.003518 0.003760 0.004027 0.003365 0.003378 0.003305 
256 256 256 1 0.007015 0.007203 0.007634 0.007691 0.008190 0.006871 0.006934 0.006979 
320 320 320 1 0.013704 0.015154 0.014480 0.015238 0.016202 0.013681 0.013575 0.013716 
384 384 384 1 0.022116 0.023040 0.024471 0.024651 0.026513 0.022507 0.022177 0.022426 
448 448 448 1 0.035352 0.039912 0.038156 0.040013 0.042760 0.035942 0.035928 0.035961 
512 512 512 1 0.051308 0.054012 0.057409 0.057695 0.061876 0.052628 0.052033 0.052599 
576 576 576 1 0.073386 0.083369 0.079592 0.083310 0.089127 0.074944 0.074922 0.075205 
640 640 640 1 0.099171 0.104542 0.111221 0.111527 0.119471 0.101856 0.100795 0.101809 
704 704 704 1 0.132499 0.151037 0.143605 0.150604 0.160948 0.135483 0.135440 0.136166 
768 768 768 1 0.170447 0.180429 0.191751 0.192575 0.206326 0.175387 0.173844 0.175550 
832 832 832 1 0.217410 0.248320 0.235594 0.247400 0.264300 0.222396 0.222556 0.223629 
896 896 896 1 0.269458 0.285143 0.303567 0.303953 0.325884 0.277160 0.274993 0.277593 
960 960 960 1 0.331968 0.379443 0.360253 0.378486 0.404043 0.340469 0.340646 0.342300 
1024 1024 1024 1 0.401393 0.425686 0.452146 0.453826 0.485979 0.413307 0.411031 0.414328 
1088 1088 1088 1 0.482264 0.552498 0.523347 0.549518 0.587104 0.495984 0.494758 0.497177 
1152 1152 1152 1 0.570449 0.604471 0.643053 0.643442 0.690916 0.587722 0.583371 0.588484 
1216 1216 1216 1 0.671862 0.769811 0.729196 0.764059 0.816835 0.691380 0.689814 0.693211 
1280 1280 1280 1 0.781677 0.829096 0.881483 0.883388 0.947071 0.805340 0.799810 0.806870 
1344 1344 1344 1 0.905703 1.038449 0.982686 1.029988 1.101324 0.931202 0.929498 0.934084 
1408 1408 1408 1 1.039678 1.101376 1.171766 1.171063 1.258587 1.069812 1.064438 1.072229 
1472 1472 1472 1 1.188170 1.363051 1.289970 1.355038 1.444954 1.221768 1.219982 1.226627 
1536 1536 1536 1 1.348922 1.431151 1.522122 1.524096 1.634523 1.389436 1.383264 1.393221 
1600 1600 1600 1 1.525118 1.749490 1.653898 1.736153 1.854559 1.567059 1.565049 1.573608 
1664 1664 1664 1 1.713655 1.816780 1.933662 1.926740 2.074828 1.762814 1.755700 1.768081 
1728 1728 1728 1 1.917578 2.202500 2.081351 2.185215 2.331780 1.972206 1.970255 1.980916 
1792 1792 1792 1 2.138646 2.270817 2.416300 2.417364 2.592389 2.201708 2.190854 2.208937 
1856 1856 1856 1 2.374968 2.728275 2.577170 2.705594 2.891013 2.442812 2.441449 2.453827 
1920 1920 1920 1 2.627089 2.788842 2.969509 2.963215 3.187680 2.704703 2.696017 2.714301 
1984 1984 1984 1 2.900798 3.332624 3.145722 3.304189 3.527193 2.981458 2.980295 2.995577 
2048 2048 2048 1 3.189586 3.388278 3.604711 3.603469 3.867073 3.283040 3.272172 3.295563
