64 64 64 1 0.000416 0.000252 0.000217 0.000243 0.000273 0.000205 0.000201 0.000455 
128 128 128 1 0.001426 0.000757 0.000625 0.000730 0.000831 0.000561 0.000559 0.001558 
192 192 192 1 0.003003 0.001505 0.001230 0.001469 0.001693 0.001090 0.001080 0.003334 
256 256 256 1 0.006376 0.003057 0.002463 0.002985 0.003494 0.002178 0.002172 0.007130 
320 320 320 1 0.012342 0.005730 0.004551 0.005593 0.006605 0.004021 0.004040 0.013865 
384 384 384 1 0.021736 0.009862 0.007543 0.009433 0.011304 0.006639 0.006807 0.024354 
448 448 448 1 0.033326 0.014884 0.011359 0.014288 0.017154 0.010025 0.010227 0.037471 
512 512 512 1 0.047087 0.020782 0.016151 0.020364 0.024410 0.014329 0.014631 0.053403 
576 576 576 1 0.065743 0.028726 0.022301 0.028188 0.033907 0.019775 0.020236 0.074965 
640 640 640 1 0.089784 0.038876 0.030276 0.038318 0.046092 0.026611 0.027490 0.102625 
704 704 704 1 0.120056 0.051292 0.039526 0.050463 0.061102 0.034935 0.036150 0.137187 
768 768 768 1 0.154030 0.065458 0.050605 0.064658 0.078423 0.044698 0.046086 0.176790 
832 832 832 1 0.192687 0.081995 0.063799 0.081375 0.098496 0.056539 0.058241 0.222327 
896 896 896 1 0.241620 0.101717 0.078727 0.101023 0.122723 0.069756 0.071907 0.278417 
960 960 960 1 0.296537 0.124367 0.096230 0.123572 0.150241 0.085344 0.088059 0.341702 
1024 1024 1024 1 0.355792 0.150207 0.116041 0.149657 0.181681 0.103668 0.106930 0.413288 
1088 1088 1088 1 0.429957 0.179392 0.139098 0.177383 0.216672 0.123533 0.127490 0.494582 
1152 1152 1152 1 0.504479 0.210516 0.164746 0.211362 0.256940 0.146209 0.151250 0.584750 
1216 1216 1216 1 0.595105 0.247061 0.191605 0.246933 0.300938 0.169795 0.178574 0.689187 
1280 1280 1280 1 0.692528 0.285887 0.222990 0.287149 0.350066 0.197647 0.205693 0.802589 
1344 1344 1344 1 0.797062 0.330857 0.255919 0.330702 0.404613 0.229248 0.238587 0.925529 
1408 1408 1408 1 0.919035 0.378636 0.293236 0.378329 0.461788 0.260430 0.273078 1.066111 
1472 1472 1472 1 1.047831 0.430857 0.335560 0.432607 0.527462 0.296834 0.311521 1.218302 
1536 1536 1536 1 1.186215 0.487891 0.380461 0.491268 0.598691 0.337088 0.354234 1.379885 
1600 1600 1600 1 1.338421 0.548085 0.428762 0.553460 0.675200 0.380735 0.399173 1.558358 
1664 1664 1664 1 1.506203 0.613843 0.482362 0.620876 0.759465 0.427470 0.446429 1.751419 
1728 1728 1728 1 1.683611 0.692222 0.536803 0.695205 0.848305 0.476710 0.500638 1.961261 
1792 1792 1792 1 1.877930 0.769890 0.597623 0.775111 0.945537 0.530657 0.557384 2.185898 
1856 1856 1856 1 2.085267 0.847360 0.665150 0.860883 1.051346 0.590742 0.616944 2.427861 
1920 1920 1920 1 2.306965 0.941514 0.731098 0.952139 1.161835 0.650634 0.681830 2.684188 
1984 1984 1984 1 2.543226 1.031703 0.810975 1.050285 1.282175 0.720508 0.751584 2.961593 
2048 2048 2048 1 2.792638 1.137923 0.887998 1.152431 1.415025 0.788126 0.827322 3.254631
