64 64 64 1 0.001222 0.000577 0.000617 0.000458 0.000506 0.000528 0.000491 0.000532 
128 128 128 1 0.001177 0.000459 0.000428 0.000462 0.000971 0.000404 0.000429 0.000435 
192 192 192 1 0.003719 0.001315 0.001359 0.001527 0.001767 0.001324 0.001119 0.001250 
256 256 256 1 0.006994 0.002353 0.002619 0.002815 0.003306 0.002416 0.002249 0.002306 
320 320 320 1 0.013727 0.004605 0.005271 0.005732 0.006577 0.004762 0.004394 0.004575 
384 384 384 1 0.022066 0.007098 0.007866 0.008586 0.010090 0.007699 0.007140 0.007504 
448 448 448 1 0.035345 0.011563 0.013165 0.014681 0.016683 0.011934 0.011306 0.011852 
512 512 512 1 0.051308 0.016087 0.018145 0.019492 0.023273 0.017533 0.016418 0.017196 
576 576 576 1 0.073381 0.023672 0.027070 0.030080 0.034393 0.024613 0.023481 0.024516 
640 640 640 1 0.099172 0.030488 0.034225 0.037061 0.044444 0.033301 0.031540 0.033174 
704 704 704 1 0.132424 0.042436 0.048486 0.053776 0.061625 0.044232 0.042443 0.044435 
768 768 768 1 0.170467 0.052305 0.058986 0.063510 0.076302 0.057154 0.054365 0.057273 
832 832 832 1 0.217331 0.069026 0.079132 0.087841 0.100505 0.072233 0.069455 0.072790 
896 896 896 1 0.269585 0.081551 0.092026 0.099799 0.119505 0.089762 0.085750 0.090251 
960 960 960 1 0.332223 0.105031 0.120683 0.133907 0.153563 0.110081 0.106345 0.111371 
1024 1024 1024 1 0.401282 0.122354 0.138193 0.148891 0.178771 0.134187 0.128743 0.135588 
1088 1088 1088 1 0.482156 0.151911 0.174767 0.193166 0.222204 0.159394 0.154376 0.161649 
1152 1152 1152 1 0.570478 0.171731 0.193904 0.210295 0.251964 0.189389 0.182390 0.191959 
1216 1216 1216 1 0.671772 0.211495 0.243044 0.269794 0.309010 0.222307 0.215536 0.226023 
1280 1280 1280 1 0.781534 0.236146 0.267201 0.287833 0.346182 0.259444 0.249521 0.262822 
1344 1344 1344 1 0.905310 0.283907 0.327150 0.362529 0.416249 0.298729 0.290176 0.303834 
1408 1408 1408 1 1.039812 0.311293 0.351847 0.381492 0.457417 0.343935 0.332395 0.349879 
1472 1472 1472 1 1.187859 0.371525 0.428424 0.474571 0.545338 0.391814 0.380648 0.399563 
1536 1536 1536 1 1.348574 0.406384 0.459871 0.496050 0.595943 0.447477 0.433068 0.455776 
1600 1600 1600 1 1.526630 0.475340 0.549484 0.607047 0.699383 0.501887 0.488191 0.512863 
1664 1664 1664 1 1.713396 0.512115 0.578689 0.627370 0.752433 0.565769 0.548304 0.577228 
1728 1728 1728 1 1.919537 0.598494 0.690537 0.764766 0.880082 0.631578 0.614838 0.645607 
1792 1792 1792 1 2.139518 0.641974 0.727125 0.783844 0.942678 0.706911 0.683373 0.719764 
1856 1856 1856 1 2.375004 0.740396 0.854596 0.945421 1.089826 0.782223 0.761727 0.800278 
1920 1920 1920 1 2.627776 0.783324 0.886298 0.961478 1.152599 0.867612 0.842275 0.886591 
1984 1984 1984 1 2.901088 0.903245 1.043375 1.154175 1.329337 0.954219 0.930270 0.977109 
2048 2048 2048 1 3.188025 0.957133 1.083041 1.168171 1.405180 1.053921 1.023503 1.077427
