128 128 128 1 0.001427 0.000809 0.000673 0.000824 0.000584 0.000579 0.000584 
192 192 192 1 0.003006 0.001619 0.001340 0.001682 0.001130 0.001128 0.001134 
256 256 256 1 0.006377 0.003305 0.002698 0.003460 0.002277 0.002285 0.002290 
320 320 320 1 0.012345 0.006218 0.005024 0.006541 0.004219 0.004265 0.004273 
384 384 384 1 0.021734 0.010746 0.008411 0.011137 0.007001 0.007191 0.007189 
448 448 448 1 0.033339 0.016261 0.012728 0.016917 0.010566 0.010845 0.010857 
512 512 512 1 0.047096 0.022742 0.018091 0.024152 0.015085 0.015503 0.015460 
576 576 576 1 0.065685 0.031449 0.025008 0.033500 0.020820 0.021427 0.021451 
640 640 640 1 0.089683 0.042627 0.033928 0.045617 0.028221 0.029114 0.029172 
704 704 704 1 0.120416 0.056871 0.044550 0.060348 0.036890 0.038194 0.038244 
768 768 768 1 0.153962 0.071940 0.056994 0.077433 0.047184 0.048964 0.049052 
832 832 832 1 0.192627 0.090218 0.071823 0.097309 0.059679 0.061832 0.061881 
896 896 896 1 0.241803 0.112005 0.088949 0.121219 0.073654 0.076524 0.076563 
960 960 960 1 0.296464 0.137049 0.108695 0.148348 0.090054 0.093768 0.093664 
1024 1024 1024 1 0.355748 0.165578 0.131028 0.179437 0.109436 0.113595 0.113724 
1088 1088 1088 1 0.429747 0.197919 0.157030 0.214070 0.130416 0.135514 0.135627 
1152 1152 1152 1 0.504417 0.232324 0.184748 0.253816 0.153456 0.160664 0.159880 
1216 1216 1216 1 0.595142 0.272860 0.217241 0.297151 0.179497 0.190310 0.187779 
1280 1280 1280 1 0.692612 0.316804 0.252159 0.345689 0.208734 0.218292 0.217865 
1344 1344 1344 1 0.797316 0.366855 0.290856 0.399680 0.241059 0.253954 0.250865 
1408 1408 1408 1 0.917932 0.419541 0.334461 0.457751 0.276291 0.290659 0.288816 
1472 1472 1472 1 1.046600 0.476499 0.378954 0.522516 0.314648 0.330422 0.329974 
1536 1536 1536 1 1.189225 0.540132 0.431317 0.591222 0.357223 0.377146 0.373791 
1600 1600 1600 1 1.339062 0.607299 0.486569 0.666983 0.402827 0.425070 0.421662 
1664 1664 1664 1 1.507491 0.682029 0.547145 0.750179 0.452428 0.475423 0.475327 
1728 1728 1728 1 1.684010 0.765307 0.610558 0.838076 0.504535 0.533215 0.529232 
1792 1792 1792 1 1.875908 0.847916 0.680404 0.933982 0.561510 0.593767 0.589642 
1856 1856 1856 1 2.086715 0.942760 0.756294 1.038255 0.624218 0.657201 0.657645 
1920 1920 1920 1 2.304476 1.041214 0.835533 1.148048 0.691165 0.726073 0.726831 
1984 1984 1984 1 2.540133 1.144350 0.923408 1.267549 0.758323 0.800737 0.801422 
2048 2048 2048 1 2.791228 1.261276 1.011055 1.397222 0.835379 0.881251 0.882123
