64 64 64 1 0.000414 0.000267 0.000279 0.000251 0.000276 0.000218 0.000211 0.000208 
128 128 128 1 0.001425 0.000815 0.000854 0.000757 0.000827 0.000625 0.000582 0.000581 
192 192 192 1 0.003008 0.001634 0.001719 0.001528 0.001680 0.001234 0.001133 0.001131 
256 256 256 1 0.006377 0.003336 0.003523 0.003119 0.003453 0.002467 0.002290 0.002278 
320 320 320 1 0.012331 0.006283 0.006653 0.005855 0.006527 0.004567 0.004269 0.004251 
384 384 384 1 0.021762 0.010872 0.011533 0.009904 0.011166 0.007597 0.007210 0.007122 
448 448 448 1 0.033344 0.016428 0.017479 0.015054 0.016933 0.011408 0.010896 0.010818 
512 512 512 1 0.047125 0.022983 0.024451 0.021437 0.024077 0.016291 0.015514 0.015372 
576 576 576 1 0.065645 0.031767 0.033822 0.029679 0.033441 0.022482 0.021462 0.021300 
640 640 640 1 0.089734 0.043095 0.045933 0.040386 0.045590 0.030451 0.029196 0.028994 
704 704 704 1 0.120145 0.056784 0.060524 0.053201 0.060232 0.039820 0.038372 0.038040 
768 768 768 1 0.154728 0.072813 0.077663 0.068199 0.077284 0.050949 0.049541 0.048759 
832 832 832 1 0.192679 0.091273 0.097387 0.085792 0.097125 0.064273 0.061891 0.061492 
896 896 896 1 0.241550 0.113242 0.120926 0.106651 0.120968 0.079434 0.076505 0.076069 
960 960 960 1 0.296139 0.138409 0.147518 0.130478 0.148094 0.096972 0.093751 0.093115 
1024 1024 1024 1 0.355956 0.168057 0.179392 0.157880 0.178421 0.117650 0.114445 0.113039 
1088 1088 1088 1 0.427681 0.199953 0.213741 0.187259 0.213570 0.139131 0.135550 0.134756 
1152 1152 1152 1 0.504288 0.235488 0.251610 0.221927 0.253206 0.165040 0.161591 0.159802 
1216 1216 1216 1 0.595382 0.276176 0.295638 0.260842 0.296574 0.193645 0.190315 0.186028 
1280 1280 1280 1 0.692675 0.319053 0.342138 0.303331 0.344889 0.225003 0.221138 0.216390 
1344 1344 1344 1 0.797241 0.369410 0.395947 0.349210 0.398629 0.260165 0.254003 0.251312 
1408 1408 1408 1 0.919613 0.423029 0.455325 0.401164 0.456701 0.295477 0.290714 0.286875 
1472 1472 1472 1 1.046582 0.481959 0.516358 0.457569 0.521416 0.338690 0.331638 0.328426 
1536 1536 1536 1 1.186887 0.546561 0.586060 0.518971 0.594220 0.383468 0.377211 0.373932 
1600 1600 1600 1 1.338097 0.614356 0.659924 0.585348 0.666833 0.431431 0.425067 0.418939 
1664 1664 1664 1 1.505231 0.688246 0.738602 0.658217 0.748318 0.485864 0.475532 0.471295 
1728 1728 1728 1 1.683730 0.773970 0.829621 0.734661 0.841035 0.541700 0.533277 0.528482 
1792 1792 1792 1 1.875925 0.861660 0.922019 0.819121 0.938547 0.603703 0.593815 0.590302 
1856 1856 1856 1 2.083551 0.951535 1.020109 0.909761 1.039010 0.670789 0.657576 0.653305 
1920 1920 1920 1 2.305965 1.054156 1.129344 1.006183 1.148439 0.738434 0.726599 0.722196 
1984 1984 1984 1 2.542766 1.160063 1.244071 1.108470 1.266806 0.817671 0.801579 0.796431 
2048 2048 2048 1 2.789382 1.272351 1.363057 1.217897 1.394427 0.895436 0.882118 0.876513
