64 64 64 1 0.001142 0.000187 0.000262 0.000230 0.000555 0.000553 0.000692 0.000590 
128 128 128 1 0.001176 0.000397 0.000409 0.000553 0.001277 0.000482 0.001077 0.001016 
192 192 192 1 0.003758 0.001175 0.001308 0.001603 0.001846 0.001407 0.003589 0.003513 
256 256 256 1 0.007016 0.002110 0.002414 0.002985 0.004101 0.002653 0.007222 0.007215 
320 320 320 1 0.013629 0.003976 0.004611 0.005980 0.006976 0.004925 0.014218 0.014255 
384 384 384 1 0.022122 0.006139 0.007326 0.009063 0.012581 0.008080 0.023264 0.023254 
448 448 448 1 0.035355 0.009711 0.011701 0.015379 0.017733 0.012629 0.037363 0.037533 
512 512 512 1 0.051311 0.014022 0.016539 0.020939 0.029157 0.018397 0.054487 0.054515 
576 576 576 1 0.073332 0.019821 0.023919 0.031494 0.036363 0.026109 0.077926 0.078338 
640 640 640 1 0.099178 0.026562 0.031446 0.039823 0.055982 0.035022 0.105486 0.105754 
704 704 704 1 0.132433 0.035355 0.042926 0.056524 0.065248 0.046784 0.140969 0.141835 
768 768 768 1 0.170436 0.045579 0.053836 0.068379 0.096025 0.060154 0.182152 0.182563 
832 832 832 1 0.217327 0.057770 0.069892 0.092227 0.106545 0.076571 0.231694 0.233262 
896 896 896 1 0.269456 0.071366 0.084229 0.107029 0.151658 0.094700 0.287895 0.288935 
960 960 960 1 0.332169 0.087969 0.106670 0.141000 0.162594 0.116623 0.354681 0.357051 
1024 1024 1024 1 0.401362 0.106897 0.126270 0.160198 0.225986 0.141555 0.429784 0.431503 
1088 1088 1088 1 0.481430 0.127006 0.153398 0.204146 0.235398 0.168840 0.515548 0.518861 
1152 1152 1152 1 0.570288 0.150139 0.177477 0.225607 0.320898 0.200290 0.610916 0.613554 
1216 1216 1216 1 0.671887 0.177139 0.215008 0.283708 0.327281 0.235552 0.718828 0.723578 
1280 1280 1280 1 0.781497 0.205688 0.243850 0.309864 0.439000 0.273230 0.837427 0.840324 
1344 1344 1344 1 0.905681 0.237871 0.287291 0.382673 0.440428 0.316803 0.968677 0.975254 
1408 1408 1408 1 1.038162 0.273249 0.321901 0.409750 0.583405 0.363703 1.112885 1.118391 
1472 1472 1472 1 1.188359 0.311676 0.376561 0.500394 0.577020 0.415198 1.271343 1.280639 
1536 1536 1536 1 1.348424 0.355813 0.419658 0.533635 0.756647 0.472202 1.445807 1.454120 
1600 1600 1600 1 1.524263 0.399021 0.483880 0.641192 0.739152 0.531911 1.631051 1.642978 
1664 1664 1664 1 1.713794 0.449331 0.529604 0.674206 0.960653 0.598660 1.834664 1.845560 
1728 1728 1728 1 1.918818 0.502085 0.608614 0.806675 0.930362 0.669469 2.053332 2.068641 
1792 1792 1792 1 2.138231 0.559506 0.663421 0.844088 1.198213 0.748100 2.292020 2.306235 
1856 1856 1856 1 2.375328 0.621647 0.750215 0.998625 1.147296 0.829122 2.543498 2.562595 
1920 1920 1920 1 2.629069 0.688606 0.810273 1.032259 1.472241 0.918010 2.816151 2.833931 
1984 1984 1984 1 2.897517 0.758169 0.913263 1.220507 1.400171 1.011535 3.104924 3.128709 
2048 2048 2048 1 3.187496 0.836247 0.989280 1.258679 1.785149 1.114584 3.418824 3.440838
