65536 1 10.462143 5.592484 5.604111 5.440536 5.565857 5.465225 
131072 1 7.277687 2.911377 2.947433 2.914566 2.931999 2.926453 
262144 1 5.622990 1.404377 1.420544 1.405411 1.411987 1.425575 
524288 1 4.563578 0.755869 0.785027 0.756260 0.752171 0.766779 
1048576 1 3.937898 0.400178 0.427547 0.402378 0.402220 0.391984 
2097152 1 3.531749 0.222634 0.251794 0.230286 0.227728 0.227188 
4194304 1 4.012022 0.150161 0.172801 0.150742 0.150580 0.151580 
8388608 1 3.260145 0.101811 0.122514 0.101578 0.102894 0.102300 
16777216 1 2.982779 0.077490 0.096924 0.078039 0.078034 0.078186 
33554432 1 2.861969 0.076083 0.103615 0.078700 0.078774 0.079056 
67108864 1 2.815633 0.059405 0.080194 0.058957 0.059007 0.058964 
134217728 1 2.802065 0.054778 0.077035 0.055980 0.055955 0.055727 
268435456 1 2.766380 0.052093 0.073025 0.052736 0.052906 0.053069 
536870912 1 2.764298 0.052143 0.074291 0.053012 0.053035 0.052890
