65536 1 0.000413 0.000444 0.000403 0.000463 0.000421 0.000478 0.000404 0.000459 
131072 1 0.000450 0.000407 0.000421 0.000486 0.000439 0.000422 0.000425 0.000520 
262144 1 0.000602 0.000463 0.000472 0.000488 0.000495 0.000484 0.000442 0.000527 
524288 1 0.000600 0.000554 0.000426 0.000453 0.000470 0.000423 0.000479 0.000448 
1048576 1 0.000917 0.000328 0.000342 0.000590 0.000454 0.000603 0.000583 0.000584 
2097152 1 0.000922 0.000345 0.000300 0.000278 0.000372 0.000280 0.000278 0.000288 
4194304 1 0.001741 0.000356 0.000457 0.000410 0.000538 0.000389 0.000393 0.000396 
8388608 1 0.003212 0.000575 0.000642 0.000717 0.001010 0.000646 0.000648 0.000660 
16777216 1 0.005865 0.001099 0.001270 0.001394 0.001733 0.001160 0.001163 0.001168 
33554432 1 0.011860 0.002065 0.002182 0.002353 0.003436 0.002227 0.002319 0.002189 
67108864 1 0.023161 0.003845 0.004245 0.004569 0.006551 0.004378 0.004291 0.004262 
134217728 1 0.045951 0.009423 0.010160 0.010789 0.013786 0.010206 0.010380 0.009852 
268435456 1 0.091721 0.018930 0.020203 0.021313 0.027243 0.020323 0.020721 0.019635 
