65536 1 0.000274 0.000269 0.000275 0.000290 0.000344 0.000294 0.000305 0.000339 
131072 1 0.000302 0.000292 0.000293 0.000325 0.000392 0.000331 0.000338 0.000393 
262144 1 0.000344 0.000320 0.000320 0.000373 0.000449 0.000379 0.000382 0.000444 
524288 1 0.000440 0.000353 0.000358 0.000422 0.000510 0.000431 0.000438 0.000510 
1048576 1 0.000628 0.000373 0.000378 0.000451 0.000570 0.000450 0.000462 0.000523 
2097152 1 0.001019 0.000483 0.000470 0.000580 0.000749 0.000575 0.000584 0.000670 
4194304 1 0.001792 0.000560 0.000558 0.000702 0.000937 0.000689 0.000694 0.000802 
8388608 1 0.003341 0.000746 0.000757 0.000945 0.001360 0.000919 0.000926 0.001064 
16777216 1 0.006431 0.001245 0.001232 0.001462 0.002250 0.001404 0.001402 0.001591 
33554432 1 0.012654 0.002345 0.002355 0.002538 0.004103 0.002465 0.002461 0.002704 
67108864 1 0.025127 0.004474 0.004560 0.004744 0.007574 0.004875 0.004882 0.004995 
134217728 1 0.050127 0.008691 0.008795 0.009060 0.014807 0.009204 0.009156 0.009421 
268435456 1 0.099685 0.017124 0.017363 0.017844 0.028931 0.018170 0.018159 0.018398
