65536 1 10.491699 1.822769 1.800842 1.816162 1.794891 1.829102 
131072 1 7.104645 0.915749 0.931870 0.923866 0.906387 0.940987 
262144 1 5.486908 0.481575 0.505280 0.484371 0.492329 0.472969 
524288 1 4.484438 0.261940 0.292761 0.273308 0.268686 0.267904 
1048576 1 3.996540 0.158503 0.183325 0.158459 0.159312 0.158361 
2097152 1 3.424649 0.103482 0.129165 0.106599 0.106064 0.106532 
4194304 1 3.321340 0.082894 0.105800 0.084249 0.084639 0.084437 
8388608 1 3.396494 0.069825 0.088042 0.069499 0.069441 0.069369 
16777216 1 3.025581 0.058975 0.077614 0.059187 0.059338 0.059111 
33554432 1 2.981609 0.053652 0.072652 0.053858 0.054301 0.053944 
67108864 1 2.902647 0.051065 0.069962 0.050898 0.050936 0.051082 
134217728 1 2.870524 0.049479 0.073123 0.049829 0.049756 0.050030 
268435456 1 2.895390 0.051528 0.071090 0.051958 0.051970 0.051968 
536870912 1 2.859908 0.050749 0.071231 0.051210 0.051145 0.051005
