67108864 1 2.967839 0.059747 0.080388 0.059553 0.059677 0.059500 
67108864 10 3.460359 0.059462 0.081605 0.060637 0.060726 0.060858 
67108864 20 3.676091 0.059047 0.081305 0.060389 0.060521 0.060315 
67108864 30 3.755748 0.056714 0.077937 0.057768 0.057924 0.058139 
67108864 40 3.894405 0.072581 0.078228 0.059488 0.059664 0.059548 
67108864 50 3.867783 0.511488 0.075831 0.073954 0.073916 0.074043 
67108864 60 3.796785 0.839696 0.077930 0.078180 0.078123 0.078097 
67108864 70 3.823627 1.181993 0.080250 0.079646 0.079486 0.079716 
67108864 80 3.815802 1.441523 0.078923 0.078678 0.078541 0.078651 
67108864 90 3.854334 1.637193 0.078236 0.080479 0.080533 0.080556 
67108864 100 3.832250 1.783234 0.075102 0.089008 0.090262 0.090486 
67108864 120 3.832794 1.988159 0.081918 0.098553 0.099892 0.099898 
67108864 140 3.817831 2.773465 0.094222 0.112972 0.100961 0.100863 
67108864 160 3.850819 2.323740 0.395152 0.414174 0.116486 0.116525 
67108864 180 3.974764 2.414409 0.680225 0.698837 0.119742 0.119682 
67108864 200 3.889924 2.516535 0.948688 0.969520 0.128591 0.129729 
67108864 250 3.868457 2.672388 1.411495 1.432369 0.230298 0.155230 
67108864 300 3.902516 2.770362 1.721919 1.742303 0.690490 0.174152 
67108864 400 3.830046 2.910997 2.119909 2.139424 1.359044 0.571696 
67108864 500 3.813486 3.004309 2.374739 2.396160 1.777745 1.149994
