65536 1 0.000115 0.000116 0.000118 0.000118 0.000125 0.000124 0.000121 0.000123 
131072 1 0.000122 0.000125 0.000129 0.000130 0.000147 0.000139 0.000145 0.000144 
262144 1 0.000154 0.000137 0.000137 0.000137 0.000166 0.000148 0.000148 0.000156 
524288 1 0.000216 0.000148 0.000149 0.000153 0.000191 0.000165 0.000166 0.000169 
1048576 1 0.000332 0.000195 0.000201 0.000201 0.000263 0.000212 0.000211 0.000220 
2097152 1 0.000563 0.000240 0.000249 0.000264 0.000372 0.000275 0.000272 0.000276 
4194304 1 0.001027 0.000361 0.000371 0.000393 0.000602 0.000405 0.000404 0.000405 
8388608 1 0.001940 0.000639 0.000643 0.000659 0.001059 0.000683 0.000685 0.000677 
16777216 1 0.003776 0.001174 0.001178 0.001210 0.001966 0.001282 0.001280 0.001288 
33554432 1 0.007453 0.002199 0.002238 0.002218 0.003734 0.002431 0.002424 0.002409 
67108864 1 0.014716 0.004308 0.004351 0.004351 0.007220 0.004716 0.004706 0.004725 
134217728 1 0.029489 0.008464 0.008576 0.008623 0.014272 0.009324 0.009287 0.009355 
268435456 1 0.058429 0.016838 0.016988 0.017094 0.028872 0.018560 0.018479 0.018507
