65536 8 10.786591 5.517563 5.680191 5.618790 5.663910 5.596390 
131072 8 7.562515 2.752663 2.876617 2.812172 2.864136 2.783157 
262144 8 6.234444 1.416130 1.446171 1.426754 1.425606 1.434631 
524288 8 4.876751 0.739609 0.748241 0.745234 0.737524 0.738041 
1048576 8 4.273820 0.395889 0.417014 0.398492 0.400865 0.397685 
2097152 8 3.781117 0.224376 0.249958 0.226938 0.227457 0.227549 
4194304 8 3.698126 0.148525 0.171913 0.150220 0.149772 0.150971 
8388608 8 3.600384 0.103017 0.121766 0.103213 0.103331 0.103620 
16777216 8 3.471440 0.076826 0.096895 0.076813 0.077251 0.077299 
33554432 8 3.217941 0.062462 0.083377 0.062989 0.062978 0.063211 
67108864 8 3.164082 0.057717 0.077902 0.057851 0.057969 0.058203 
134217728 8 3.086226 0.058264 0.082158 0.056921 0.057035 0.056895 
268435456 8 3.104432 0.051867 0.072422 0.052562 0.052592 0.052397 
536870912 8 3.090302 0.052027 0.073049 0.052462 0.052402 0.052412
