65536 1 0.000544 0.000499 0.000513 0.000529 0.000536 0.000482 0.000505 0.000511 
131072 1 0.000597 0.000495 0.000534 0.000550 0.000461 0.000706 0.000527 0.000535 
262144 1 0.000678 0.000524 0.000559 0.000565 0.000599 0.000606 0.000540 0.000558 
524288 1 0.000802 0.000287 0.000344 0.000296 0.000322 0.000287 0.000302 0.000295 
1048576 1 0.000641 0.000280 0.000304 0.000315 0.000362 0.000276 0.000298 0.000294 
2097152 1 0.000947 0.000334 0.000429 0.000408 0.000479 0.000339 0.000366 0.000380 
4194304 1 0.001560 0.000401 0.000453 0.000499 0.000640 0.000395 0.000466 0.000436 
8388608 1 0.002693 0.000508 0.000609 0.000674 0.000960 0.000512 0.000604 0.000586 
16777216 1 0.005002 0.000791 0.000920 0.001035 0.001599 0.000785 0.000913 0.000902 
33554432 1 0.009734 0.001401 0.001496 0.001705 0.002869 0.001374 0.001542 0.001481 
67108864 1 0.019106 0.002509 0.002662 0.003084 0.005329 0.002544 0.002645 0.002606 
134217728 1 0.037821 0.004724 0.004895 0.005756 0.010335 0.004770 0.004985 0.004859 
268435456 1 0.075146 0.009387 0.009810 0.011373 0.020359 0.009365 0.010261 0.010063
