Currently Loaded Modulefiles:
  1) gcc/4.9.0                       5) intel-cc-15/15.0.0.090
  2) intel-tbb/13.0.1.117            6) intel-fc-15/15.0.0.090
  3) mpt/2.11                        7) intel-compilers-15/15.0.0.090
  4) cmake/3.1.3
1024 8 47.017578 12.396484 13.748047 12.247070 12.085938 12.123047 
2048 8 44.112305 6.732910 7.228027 6.278320 6.306641 6.306641 
4096 8 49.530762 3.796631 4.690186 3.598389 3.550537 3.520020 
8192 8 52.193970 2.403931 3.273926 2.444580 2.427246 2.348633 
16384 8 53.578979 1.657959 2.502563 1.671753 1.645813 1.598206 
32768 8 53.718018 1.347748 2.194519 1.364471 1.364136 1.305145 
65536 8 53.689133 1.220596 2.021027 1.233612 1.213730 1.172424 
131072 8 53.807251 1.135834 1.908417 1.144737 1.129463 1.086731 
262144 8 53.823395 1.055508 1.828434 1.067089 1.043617 1.006092 
524288 8 53.819342 1.003496 1.764996 1.015829 0.995293 0.955818 
1048576 8 53.857130 0.977958 1.736484 0.988149 0.968092 0.927529 
2097152 8 53.911911 0.976255 1.740799 0.991969 0.974254 0.933051 
4194304 8 54.286963 1.050605 1.810222 1.070036 1.050376 1.024882 
8388608 8 54.293397 1.021191 1.783286 1.044729 1.024529 0.987610 
16777216 8 54.298426 0.993527 1.762411 1.016045 0.994700 0.962600 
33554432 8 54.314587 0.988281 1.752906 1.011382 0.990811 0.951476 
67108864 8 54.352240 0.982458 1.747603 1.004976 0.985563 0.945836 
134217728 8 54.392354 0.980237 1.744388 1.003259 0.983830 0.943154 
268435456 8 54.454066 0.979440 1.744204 1.002762 0.982977 0.942562 
536870912 8 54.478438 0.976344 1.741182 1.000778 0.980184 0.939962 
