65536 1 0.000193 0.000186 0.000187 0.000204 0.000240 0.000208 0.000218 0.000239 
131072 1 0.000211 0.000199 0.000200 0.000229 0.000278 0.000235 0.000240 0.000269 
262144 1 0.000269 0.000229 0.000230 0.000264 0.000313 0.000267 0.000276 0.000310 
524288 1 0.000364 0.000235 0.000242 0.000280 0.000337 0.000279 0.000286 0.000323 
1048576 1 0.000568 0.000294 0.000290 0.000340 0.000425 0.000344 0.000344 0.000385 
2097152 1 0.000971 0.000335 0.000334 0.000401 0.000519 0.000395 0.000400 0.000453 
4194304 1 0.001791 0.000436 0.000439 0.000530 0.000738 0.000514 0.000517 0.000584 
8388608 1 0.003429 0.000701 0.000696 0.000793 0.001195 0.000768 0.000770 0.000858 
16777216 1 0.006661 0.001260 0.001259 0.001343 0.002133 0.001329 0.001326 0.001423 
33554432 1 0.013242 0.002363 0.002416 0.002435 0.003857 0.002507 0.002519 0.002566 
67108864 1 0.026266 0.004473 0.004541 0.004626 0.007480 0.004718 0.004678 0.004807 
134217728 1 0.052319 0.008702 0.008868 0.008949 0.014554 0.009168 0.009170 0.009325 
268435456 1 0.104428 0.017270 0.017596 0.017804 0.028847 0.018099 0.018080 0.018460
