65536 1 0.000213 0.000245 0.000278 0.000286 0.000342 0.000294 0.000290 0.000333 
131072 1 0.000238 0.000261 0.000308 0.000321 0.000367 0.000324 0.000320 0.000367 
262144 1 0.000287 0.000295 0.000358 0.000382 0.000432 0.000365 0.000366 0.000426 
524288 1 0.000378 0.000310 0.000370 0.000397 0.000455 0.000379 0.000380 0.000441 
1048576 1 0.000574 0.000327 0.000399 0.000426 0.000504 0.000407 0.000406 0.000475 
2097152 1 0.000966 0.000405 0.000496 0.000529 0.000650 0.000510 0.000507 0.000587 
4194304 1 0.001750 0.000498 0.000611 0.000654 0.000857 0.000625 0.000625 0.000722 
8388608 1 0.003292 0.000733 0.000849 0.000908 0.001278 0.000869 0.000869 0.000995 
16777216 1 0.006383 0.001288 0.001378 0.001442 0.002208 0.001407 0.001412 0.001538 
33554432 1 0.012653 0.002372 0.002568 0.002562 0.004050 0.002631 0.002620 0.002666 
67108864 1 0.025145 0.004439 0.004858 0.004870 0.007589 0.004897 0.004900 0.004923 
134217728 1 0.050224 0.008660 0.009378 0.009350 0.014695 0.009408 0.009482 0.009419 
268435456 1 0.100336 0.017126 0.018559 0.018412 0.029128 0.018593 0.018651 0.018430
