Currently Loaded Modulefiles:
  1) gcc/4.9.0                       4) intel-cc-15/15.0.0.090
  2) intel-tbb/13.0.1.117            5) intel-fc-15/15.0.0.090
  3) cmake/3.1.3                     6) intel-compilers-15/15.0.0.090
1024 8 43.909180 12.054688 12.746094 12.796875 12.302734 12.167969 
2048 8 26.902832 6.143066 6.848633 6.411133 6.136230 6.155762 
4096 8 23.621094 12.784180 14.325195 13.614258 12.880859 13.023193 
8192 8 20.344238 2.343994 2.933716 2.562744 2.183228 2.247070 
16384 8 16.297607 1.707886 2.381775 2.030334 1.681396 1.691467 
32768 8 13.051056 1.377106 2.098602 1.706909 1.381165 1.383362 
65536 8 13.307510 1.245377 1.910782 1.595337 1.254318 1.237701 
131072 8 12.441742 1.146812 1.792068 1.480438 1.144852 1.152382 
262144 8 10.120743 1.071815 1.701500 1.367756 1.048332 1.067520 
524288 8 9.382128 1.021465 1.655466 1.308229 0.995419 1.016891 
1048576 8 8.771984 0.997546 1.629774 1.275967 0.964478 0.991659 
2097152 8 8.219975 1.004090 1.650392 1.285925 0.976704 1.006475 
4194304 8 7.822044 1.068994 1.701213 1.349929 1.040828 1.075638 
8388608 8 7.467957 1.038312 1.675059 1.318049 1.004611 1.040011 
16777216 8 7.225619 1.017712 1.654109 1.292800 0.983547 1.018772 
33554432 8 7.026956 1.007735 1.644247 1.283114 0.973003 1.009494 
67108864 8 6.952292 0.999693 1.638685 1.274112 0.964313 1.001320 
134217728 8 6.890283 0.995264 1.633094 1.270001 0.959327 0.997886 
268435456 8 6.864559 0.993134 1.629163 1.267119 0.956528 0.994724 
536870912 8 6.851043 0.992595 1.628540 1.266422 0.955853 0.994618 
