65536 1 0.000120 0.000106 0.000114 0.000119 0.000121 0.000117 0.000116 0.000116 
131072 1 0.000151 0.000114 0.000116 0.000123 0.000123 0.000115 0.000115 0.000116 
262144 1 0.000225 0.000133 0.000138 0.000142 0.000153 0.000141 0.000137 0.000144 
524288 1 0.000374 0.000150 0.000155 0.000160 0.000187 0.000159 0.000155 0.000156 
1048576 1 0.000655 0.000195 0.000191 0.000197 0.000252 0.000189 0.000195 0.000197 
2097152 1 0.001260 0.000274 0.000266 0.000271 0.000375 0.000266 0.000265 0.000265 
4194304 1 0.002399 0.000440 0.000413 0.000419 0.000567 0.000418 0.000424 0.000408 
8388608 1 0.004765 0.000770 0.000706 0.000729 0.001014 0.000719 0.000719 0.000696 
16777216 1 0.009394 0.001412 0.001310 0.001322 0.001913 0.001339 0.001322 0.001256 
33554432 1 0.018877 0.002729 0.002541 0.002589 0.003716 0.002569 0.002567 0.002398 
67108864 1 0.037713 0.005335 0.004952 0.005028 0.007275 0.005006 0.005013 0.004655 
134217728 1 0.075044 0.010469 0.009741 0.010306 0.014396 0.009869 0.009847 0.009200 
268435456 1 0.150057 0.021111 0.019311 0.020478 0.028634 0.019589 0.019561 0.018248
