65536 1 0.000224 0.000215 0.000221 0.000233 0.000277 0.000233 0.000240 0.000268 
131072 1 0.000243 0.000233 0.000230 0.000260 0.000315 0.000272 0.000269 0.000312 
262144 1 0.000291 0.000267 0.000268 0.000312 0.000380 0.000318 0.000323 0.000370 
524288 1 0.000388 0.000271 0.000279 0.000327 0.000401 0.000329 0.000335 0.000385 
1048576 1 0.000585 0.000292 0.000297 0.000358 0.000453 0.000354 0.000362 0.000412 
2097152 1 0.000978 0.000383 0.000378 0.000463 0.000596 0.000457 0.000462 0.000526 
4194304 1 0.001758 0.000468 0.000475 0.000585 0.000798 0.000574 0.000576 0.000658 
8388608 1 0.003295 0.000699 0.000698 0.000838 0.001233 0.000815 0.000815 0.000922 
16777216 1 0.006421 0.001242 0.001233 0.001376 0.002157 0.001338 0.001336 0.001469 
33554432 1 0.012650 0.002321 0.002347 0.002485 0.003983 0.002513 0.002518 0.002596 
67108864 1 0.025192 0.004407 0.004440 0.004794 0.007522 0.004822 0.004830 0.004840 
134217728 1 0.050291 0.008631 0.008726 0.009300 0.014657 0.009401 0.009378 0.009389 
268435456 1 0.100119 0.017103 0.017248 0.018398 0.029082 0.018634 0.018549 0.018420
