65536 1 0.000394 0.000374 0.000379 0.000366 0.000384 0.000337 0.000356 0.000358 
131072 1 0.000341 0.000352 0.000370 0.000378 0.000416 0.000435 0.000384 0.000384 
262144 1 0.000395 0.000404 0.000470 0.000408 0.000447 0.000391 0.000411 0.000413 
524288 1 0.000532 0.000466 0.000421 0.000485 0.000500 0.000475 0.000495 0.000501 
1048576 1 0.000388 0.000274 0.000305 0.000539 0.000559 0.000533 0.000668 0.000658 
2097152 1 0.000618 0.000221 0.000290 0.000232 0.000302 0.000201 0.000265 0.000214 
4194304 1 0.000561 0.000278 0.000299 0.000322 0.000462 0.000270 0.000290 0.000295 
8388608 1 0.001206 0.000409 0.000436 0.000495 0.000886 0.000422 0.000439 0.000440 
16777216 1 0.002100 0.000734 0.000779 0.000946 0.001558 0.000708 0.000754 0.000756 
33554432 1 0.003888 0.001392 0.001528 0.001628 0.002919 0.001351 0.001388 0.001438 
67108864 1 0.007614 0.002604 0.002728 0.003168 0.005457 0.002546 0.002674 0.002666 
134217728 1 0.014674 0.004968 0.005309 0.005996 0.010636 0.005063 0.005846 0.005681 
268435456 1 0.029275 0.009797 0.010452 0.012022 0.021155 0.010015 0.011714 0.011342
