65536 1 0.000126 0.000111 0.000110 0.000117 0.000125 0.000115 0.000116 0.000118 
131072 1 0.000156 0.000113 0.000118 0.000117 0.000127 0.000118 0.000115 0.000117 
262144 1 0.000221 0.000147 0.000143 0.000149 0.000169 0.000131 0.000135 0.000141 
524288 1 0.000363 0.000162 0.000165 0.000174 0.000201 0.000159 0.000157 0.000152 
1048576 1 0.000657 0.000197 0.000199 0.000203 0.000265 0.000187 0.000187 0.000192 
2097152 1 0.001254 0.000263 0.000273 0.000276 0.000393 0.000257 0.000263 0.000263 
4194304 1 0.002427 0.000406 0.000422 0.000434 0.000593 0.000412 0.000417 0.000403 
8388608 1 0.004780 0.000701 0.000716 0.000725 0.001044 0.000714 0.000720 0.000687 
16777216 1 0.009491 0.001277 0.001301 0.001339 0.001957 0.001322 0.001336 0.001257 
33554432 1 0.018748 0.002432 0.002533 0.002583 0.003787 0.002538 0.002547 0.002391 
67108864 1 0.037597 0.004717 0.004932 0.005047 0.007463 0.004939 0.004971 0.004667 
134217728 1 0.075154 0.009266 0.009679 0.009961 0.014765 0.009755 0.009794 0.009215 
268435456 1 0.150475 0.018290 0.019220 0.020520 0.029368 0.019356 0.019416 0.018339
