65536 1 9.940094 5.049973 5.093918 5.064377 5.056793 5.099243 
131072 1 6.988716 2.764877 2.840927 2.810074 2.617180 2.810593 
262144 1 5.551632 1.373745 1.343685 1.365196 1.335701 1.386395 
524288 1 4.643864 0.731220 0.723282 0.747950 0.682140 0.740795 
1048576 1 3.796516 0.395993 0.420767 0.399026 0.399666 0.394758 
2097152 1 3.382773 0.227441 0.248818 0.226058 0.228085 0.221852 
4194304 1 3.616138 0.136690 0.159302 0.137908 0.138226 0.138313 
8388608 1 3.442940 0.101656 0.120245 0.101406 0.100675 0.101146 
16777216 1 3.086007 0.074795 0.092961 0.074606 0.074632 0.074643 
33554432 1 2.996456 0.061407 0.080400 0.061611 0.061897 0.061065 
67108864 1 2.883363 0.055302 0.073897 0.055628 0.055525 0.055679 
134217728 1 2.892409 0.051774 0.075105 0.051768 0.052174 0.052053 
268435456 1 2.892122 0.052526 0.071912 0.052698 0.052629 0.052801 
536870912 1 2.853836 0.051103 0.071716 0.051457 0.051635 0.051305
