65536 1 0.000630 0.000563 0.000515 0.000522 0.000581 0.000587 
131072 1 0.000672 0.000540 0.000544 0.000599 0.000584 0.000549 
262144 1 0.000517 0.000482 0.000594 0.000600 0.000519 0.000429 
524288 1 0.000614 0.000517 0.000493 0.000661 0.000506 0.000502 
1048576 1 0.000933 0.000242 0.000274 0.000246 0.000354 0.000302 
2097152 1 0.000848 0.000284 0.000277 0.000297 0.000351 0.000274 
4194304 1 0.001501 0.000323 0.000357 0.000373 0.001029 0.000351 
8388608 1 0.002773 0.000469 0.000486 0.000541 0.000869 0.000486 
16777216 1 0.005318 0.000783 0.000802 0.000927 0.001533 0.000829 
33554432 1 0.010459 0.001436 0.001407 0.001740 0.002820 0.001478 
67108864 1 0.020414 0.002637 0.002610 0.003107 0.005459 0.002707 
134217728 1 0.040446 0.004970 0.005109 0.005952 0.010651 0.005713 
268435456 1 0.080877 0.009954 0.010430 0.012051 0.021114 0.011390
