2097152 1 3.574776 0.217404 0.243378 0.219926 0.220603 0.221676 
2097152 10 4.088776 0.237071 0.258314 0.239708 0.240154 0.240085 
2097152 20 4.298844 0.228924 0.252611 0.226848 0.231668 0.228588 
2097152 30 4.312320 0.226554 0.251112 0.227501 0.230024 0.228599 
2097152 40 4.451221 0.232767 0.254837 0.232145 0.234441 0.234894 
2097152 50 4.416368 0.299069 0.251605 0.235960 0.234303 0.237864 
2097152 60 4.300119 0.687720 0.253088 0.247836 0.246231 0.247301 
2097152 70 4.296718 1.060820 0.246562 0.248647 0.248419 0.250095 
2097152 80 4.344389 1.523472 0.249092 0.252313 0.251973 0.248845 
2097152 90 4.357621 1.871870 0.257896 0.258797 0.258429 0.257012 
2097152 100 4.394573 2.159393 0.252939 0.250460 0.252703 0.255330 
2097152 120 4.407977 1.950564 0.252932 0.271461 0.271736 0.272193 
2097152 140 4.314567 2.147419 0.254540 0.268671 0.273485 0.270070 
2097152 160 4.451806 2.299428 0.357449 0.369978 0.290474 0.291091 
2097152 180 4.401459 2.392642 0.676811 0.691558 0.301239 0.302108 
2097152 200 4.282030 2.500021 0.959541 0.976712 0.300936 0.301514 
2097152 250 4.390934 2.656505 1.428621 1.447932 0.317256 0.319201 
2097152 300 4.345411 3.202129 1.973147 1.994411 0.768209 0.349970 
2097152 400 4.434464 2.910811 2.166013 2.188508 1.419480 0.630395 
2097152 500 4.363359 4.036158 3.165950 3.191077 2.347991 1.511329
