65536 1 0.000567 0.000658 0.000460 0.000644 0.000654 0.000624 0.000630 0.000443 
131072 1 0.000592 0.000517 0.000457 0.000460 0.000483 0.000635 0.000708 0.000522 
262144 1 0.000619 0.000666 0.000482 0.000508 0.000518 0.000670 0.000495 0.000493 
524288 1 0.000694 0.000524 0.000545 0.000557 0.000578 0.000370 0.000538 0.000559 
1048576 1 0.000715 0.000413 0.000709 0.000485 0.000720 0.000697 0.000771 0.000431 
2097152 1 0.000523 0.000314 0.000339 0.000351 0.000419 0.000293 0.000323 0.000316 
4194304 1 0.000750 0.000354 0.000422 0.000437 0.000556 0.000398 0.000446 0.000665 
8388608 1 0.001235 0.000477 0.000551 0.000612 0.000911 0.000486 0.000597 0.000538 
16777216 1 0.002116 0.000764 0.000867 0.000971 0.001553 0.000759 0.000868 0.000859 
33554432 1 0.003915 0.001348 0.001446 0.001729 0.002812 0.001396 0.001482 0.001449 
67108864 1 0.007508 0.002506 0.002601 0.003063 0.005293 0.002509 0.002659 0.002621 
134217728 1 0.015036 0.004680 0.004978 0.005850 0.010366 0.004815 0.005186 0.005181 
268435456 1 0.030188 0.009275 0.010010 0.011512 0.020514 0.009484 0.010530 0.010288
