65536 1 0.000170 0.000157 0.000161 0.000171 0.000198 0.000173 0.000178 0.000201 
131072 1 0.000193 0.000175 0.000175 0.000199 0.000228 0.000199 0.000206 0.000227 
262144 1 0.000222 0.000183 0.000188 0.000213 0.000250 0.000217 0.000218 0.000240 
524288 1 0.000269 0.000194 0.000201 0.000228 0.000275 0.000228 0.000233 0.000255 
1048576 1 0.000373 0.000245 0.000244 0.000282 0.000349 0.000279 0.000283 0.000312 
2097152 1 0.000579 0.000290 0.000295 0.000346 0.000456 0.000337 0.000339 0.000380 
4194304 1 0.001000 0.000412 0.000413 0.000477 0.000680 0.000467 0.000468 0.000516 
8388608 1 0.001820 0.000685 0.000687 0.000756 0.001151 0.000742 0.000748 0.000802 
16777216 1 0.003473 0.001221 0.001232 0.001309 0.002033 0.001324 0.001332 0.001361 
33554432 1 0.006798 0.002257 0.002281 0.002420 0.003804 0.002488 0.002479 0.002489 
67108864 1 0.013425 0.004335 0.004381 0.004671 0.007381 0.004785 0.004768 0.004753 
134217728 1 0.026468 0.008515 0.008593 0.009252 0.014543 0.009401 0.009386 0.009284 
268435456 1 0.052793 0.016885 0.017040 0.018314 0.028783 0.018573 0.018499 0.018369
