65536 1 0.000387 0.000372 0.000452 0.000385 0.000430 0.000396 0.000391 0.000400 
131072 1 0.000538 0.000357 0.000373 0.000359 0.000404 0.000377 0.000486 0.000411 
262144 1 0.000493 0.000487 0.000485 0.000483 0.000523 0.000538 0.000486 0.000477 
524288 1 0.000575 0.000558 0.000562 0.000548 0.000503 0.000526 0.000550 0.000429 
1048576 1 0.000968 0.000178 0.000261 0.000174 0.000322 0.000212 0.000289 0.000212 
2097152 1 0.000968 0.000303 0.000217 0.000281 0.000364 0.000274 0.000494 0.000272 
4194304 1 0.001748 0.000280 0.000365 0.000332 0.000524 0.000392 0.000381 0.000398 
8388608 1 0.003028 0.000492 0.000475 0.000522 0.000947 0.000631 0.000642 0.000642 
16777216 1 0.005863 0.000765 0.000898 0.000974 0.001710 0.001320 0.001272 0.001187 
33554432 1 0.011802 0.001548 0.001638 0.001717 0.003232 0.002298 0.002267 0.002209 
67108864 1 0.023171 0.002717 0.002966 0.003278 0.006190 0.004254 0.004350 0.004279 
134217728 1 0.045909 0.005641 0.005976 0.006717 0.013451 0.010510 0.010189 0.010343 
268435456 1 0.091894 0.011316 0.012238 0.013936 0.026425 0.020765 0.020310 0.020642
