65536 1 10.452179 5.317841 5.456375 5.427048 5.354202 5.292419 
131072 1 7.568428 2.772484 2.827850 2.678658 2.818161 2.780029 
262144 1 5.701393 1.424210 1.462822 1.434780 1.430588 1.437195 
524288 1 4.597025 0.727707 0.758717 0.731777 0.723415 0.728746 
1048576 1 3.893142 0.405684 0.425622 0.402355 0.399985 0.404017 
2097152 1 3.606040 0.224654 0.249673 0.225991 0.227395 0.227852 
4194304 1 3.625524 0.147078 0.172868 0.150095 0.149112 0.148889 
8388608 1 3.385629 0.102193 0.121987 0.102420 0.103492 0.102967 
16777216 1 3.177816 0.077949 0.100740 0.079205 0.079627 0.079491 
33554432 1 3.010210 0.062995 0.083946 0.063976 0.064374 0.063770 
67108864 1 2.972305 0.057735 0.080045 0.059093 0.058963 0.059240 
134217728 1 2.961940 0.053689 0.078158 0.053938 0.054292 0.054392 
268435456 1 2.953847 0.053794 0.076698 0.054635 0.054835 0.054518 
536870912 1 2.914932 0.052802 0.074528 0.054080 0.053825 0.053773
