Currently Loaded Modulefiles:
  1) gcc/4.9.0              2) intel-tbb/13.0.1.117   3) cmake/3.1.3
2097152 1 4.623299 0.431686 0.765158 0.396004 0.392004 0.390589 
2097152 10 7.269043 0.465441 0.808752 0.445719 0.444025 0.440705 
2097152 20 6.734385 0.460813 0.803005 0.440369 0.435987 0.435353 
2097152 30 6.442751 4.937456 0.805421 0.440344 0.441599 0.439535 
2097152 40 6.287915 0.785285 0.807429 0.601589 0.603512 0.604129 
2097152 50 6.188014 2.144614 0.797412 0.651358 0.645531 0.649270 
2097152 60 6.425443 2.654516 0.799456 0.611046 0.604743 0.607666 
2097152 70 6.405145 3.564982 0.807262 0.614007 0.609344 0.610826 
2097152 80 6.331247 4.252012 0.810591 0.615557 0.609792 0.611744 
2097152 90 6.287475 4.526663 0.809179 0.758844 0.760077 0.759790 
2097152 100 6.232593 4.530920 0.800573 0.889417 0.888479 0.884519 
2097152 120 6.370408 4.846714 0.811838 0.806063 0.805670 0.802776 
2097152 140 6.292547 4.652533 1.208066 1.097116 0.915806 0.920354 
2097152 160 6.211494 4.605305 2.085902 1.885283 1.062053 1.059585 
2097152 180 6.329720 4.775746 2.723497 2.461107 0.983885 0.984530 
2097152 200 6.243625 4.677845 4.185964 3.270609 1.236436 1.254745 
2097152 250 6.255469 4.718162 4.371479 4.152278 1.691793 1.407120 
2097152 300 6.276957 4.750236 4.637918 4.531516 2.675233 1.574268 
2097152 400 6.262500 4.789959 4.947460 4.820936 4.151285 2.769070 
2097152 500 6.222229 4.773414 4.933865 4.710690 4.644881 3.904032 
