65536 1 0.000600 0.000579 0.000517 0.000521 0.000518 0.000520 0.000517 0.000523 
131072 1 0.000682 0.000529 0.000622 0.000549 0.000579 0.000537 0.000544 0.000546 
262144 1 0.000543 0.000572 0.000460 0.000589 0.000621 0.000616 0.000631 0.000648 
524288 1 0.000614 0.000216 0.000198 0.000202 0.000228 0.000190 0.000203 0.000191 
1048576 1 0.000516 0.000217 0.000225 0.000251 0.000285 0.000223 0.000248 0.000254 
2097152 1 0.000837 0.000306 0.000286 0.000299 0.000372 0.000253 0.000271 0.000265 
4194304 1 0.001558 0.000377 0.000355 0.000373 0.000526 0.000326 0.000342 0.000565 
8388608 1 0.002798 0.000476 0.000502 0.000544 0.000868 0.000493 0.000498 0.000496 
16777216 1 0.005305 0.000774 0.000793 0.000939 0.001530 0.000797 0.000845 0.000821 
33554432 1 0.010440 0.001426 0.001436 0.001643 0.002829 0.001455 0.001501 0.001477 
67108864 1 0.020406 0.002566 0.002628 0.003034 0.005435 0.002612 0.002713 0.002706 
134217728 1 0.040519 0.004984 0.005222 0.006003 0.010652 0.005062 0.005881 0.005691 
268435456 1 0.081133 0.009903 0.010536 0.012029 0.021034 0.010082 0.011676 0.011303
