65536 1 0.000499 0.000669 0.000695 0.000724 0.000486 0.000670 0.000470 0.000694 
131072 1 0.000539 0.000682 0.000492 0.000502 0.000525 0.000705 0.000485 0.000672 
262144 1 0.000589 0.000505 0.000580 0.000527 0.000549 0.000502 0.000516 0.000513 
524288 1 0.000852 0.000543 0.000578 0.000606 0.000624 0.000563 0.000574 0.000581 
1048576 1 0.001104 0.000255 0.000344 0.000298 0.000334 0.000280 0.000274 0.000271 
2097152 1 0.000937 0.000313 0.000423 0.000374 0.000497 0.000313 0.000337 0.000581 
4194304 1 0.001501 0.000385 0.000430 0.000467 0.000615 0.000371 0.000417 0.000414 
8388608 1 0.002706 0.000500 0.000574 0.000639 0.000930 0.000499 0.000570 0.000564 
16777216 1 0.005026 0.000761 0.000896 0.001011 0.001585 0.000784 0.000896 0.000870 
33554432 1 0.009708 0.001358 0.001489 0.001691 0.002853 0.001392 0.001526 0.001554 
67108864 1 0.019211 0.002453 0.002580 0.003011 0.005319 0.002529 0.002637 0.002586 
134217728 1 0.038052 0.004822 0.004933 0.005855 0.010386 0.004746 0.005064 0.004980 
268435456 1 0.075668 0.009199 0.009837 0.011468 0.020432 0.009251 0.010330 0.010096
