131072 1 0.000184 0.000180 0.000198 0.000198 0.000231 0.000227 
262144 1 0.000245 0.000185 0.000211 0.000214 0.000251 0.000246 
524288 1 0.000340 0.000199 0.000227 0.000232 0.000277 0.000257 
1048576 1 0.000541 0.000242 0.000274 0.000283 0.000359 0.000317 
2097152 1 0.000941 0.000288 0.000331 0.000343 0.000456 0.000383 
4194304 1 0.001714 0.000412 0.000456 0.000477 0.000688 0.000521 
8388608 1 0.003286 0.000680 0.000730 0.000761 0.001168 0.000804 
16777216 1 0.006423 0.001222 0.001323 0.001317 0.002083 0.001365 
33554432 1 0.012741 0.002248 0.002434 0.002425 0.003906 0.002495 
67108864 1 0.025315 0.004336 0.004706 0.004650 0.007545 0.004754 
134217728 1 0.050461 0.008505 0.009272 0.009164 0.014861 0.009282 
268435456 1 0.100481 0.016878 0.018345 0.018260 0.029549 0.018358
