65536 1 0.000167 0.000159 0.000161 0.000176 0.000202 0.000198 
131072 1 0.000186 0.000173 0.000171 0.000195 0.000228 0.000226 
262144 1 0.000242 0.000186 0.000185 0.000212 0.000254 0.000241 
524288 1 0.000340 0.000197 0.000199 0.000231 0.000278 0.000256 
1048576 1 0.000540 0.000246 0.000241 0.000283 0.000354 0.000310 
2097152 1 0.000937 0.000289 0.000292 0.000344 0.000454 0.000380 
4194304 1 0.001711 0.000411 0.000416 0.000478 0.000681 0.000518 
8388608 1 0.003291 0.000687 0.000688 0.000753 0.001152 0.000798 
16777216 1 0.006420 0.001229 0.001226 0.001318 0.002033 0.001357 
33554432 1 0.012731 0.002250 0.002268 0.002430 0.003802 0.002474 
67108864 1 0.025211 0.004344 0.004382 0.004684 0.007387 0.004740 
134217728 1 0.050380 0.008515 0.008599 0.009246 0.014550 0.009272 
268435456 1 0.100561 0.016893 0.017031 0.018307 0.028779 0.018323
