67108864 1 2.945199 0.051735 0.071062 0.051710 0.051795 0.052061 
67108864 10 3.432941 0.051279 0.071119 0.051669 0.051803 0.052065 
67108864 20 3.747494 0.051275 0.071117 0.051374 0.051755 0.051437 
67108864 30 3.816642 0.051103 0.071172 0.051485 0.051491 0.051416 
67108864 40 3.719417 0.070093 0.071159 0.053247 0.053228 0.053073 
67108864 50 3.848932 0.555540 0.071219 0.069533 0.069349 0.069302 
67108864 60 3.757552 0.839731 0.071261 0.071277 0.071109 0.071156 
67108864 70 3.796043 1.456601 0.071270 0.071365 0.071116 0.071147 
67108864 80 3.826881 1.436980 0.071148 0.071227 0.071064 0.071163 
67108864 90 3.817754 1.628440 0.071254 0.073282 0.073316 0.073358 
67108864 100 3.784014 1.779368 0.071313 0.085221 0.086435 0.086459 
67108864 120 3.746565 1.986097 0.071359 0.090049 0.091756 0.091860 
67108864 140 3.740188 2.186615 0.089600 0.108271 0.093983 0.093962 
67108864 160 3.709542 2.316416 0.390373 0.409678 0.109777 0.109688 
67108864 180 3.753081 2.412019 0.675981 0.694197 0.112457 0.112484 
67108864 200 3.799409 2.510950 0.944762 0.964433 0.121426 0.122890 
67108864 250 3.724837 2.669183 1.406006 1.427538 0.226522 0.150172 
67108864 300 3.783662 2.768914 1.719500 1.741748 0.687613 0.168829 
67108864 400 3.729148 2.906587 2.116506 2.135848 1.353526 0.565592 
67108864 500 3.848446 3.000242 2.366992 2.389434 1.770352 1.146620 
