65536 1 0.000162 0.000157 0.000161 0.000171 0.000202 0.000177 0.000177 0.000198 
131072 1 0.000188 0.000168 0.000175 0.000195 0.000231 0.000199 0.000206 0.000225 
262144 1 0.000242 0.000186 0.000185 0.000216 0.000254 0.000215 0.000225 0.000244 
524288 1 0.000346 0.000199 0.000198 0.000231 0.000276 0.000226 0.000233 0.000255 
1048576 1 0.000546 0.000244 0.000243 0.000279 0.000348 0.000279 0.000284 0.000314 
2097152 1 0.000938 0.000292 0.000292 0.000346 0.000457 0.000337 0.000340 0.000379 
4194304 1 0.001713 0.000415 0.000413 0.000477 0.000680 0.000465 0.000469 0.000518 
8388608 1 0.003287 0.000682 0.000687 0.000753 0.001155 0.000742 0.000747 0.000801 
16777216 1 0.006433 0.001226 0.001235 0.001312 0.002033 0.001345 0.001338 0.001348 
33554432 1 0.012697 0.002256 0.002277 0.002423 0.003799 0.002477 0.002471 0.002481 
67108864 1 0.025161 0.004356 0.004373 0.004672 0.007381 0.004781 0.004789 0.004729 
134217728 1 0.050233 0.008532 0.008599 0.009255 0.014554 0.009415 0.009355 0.009277 
268435456 1 0.100386 0.016908 0.017063 0.018258 0.028774 0.018562 0.018549 0.018377
