Currently Loaded Modulefiles:
  1) gcc/4.9.0              2) intel-tbb/13.0.1.117   3) cmake/3.1.3
1024 1 83.160156 8699.761719 5816.179688 8190.101562 8228.379883 8234.221680 
2048 1 32.184082 5.677734 6.196777 5.718262 5.830078 5.904785 
4096 1 12.870850 3.164062 3.348877 2.960693 2.972656 2.977783 
8192 1 9.392700 1.681030 2.086304 1.682861 1.670776 1.712158 
16384 1 7.492310 546.427429 1.403503 1.008911 1.026917 1.036072 
32768 1 6.670319 0.698669 1.042419 0.662445 0.693146 0.675232 
65536 1 5.970551 0.555984 0.886292 0.528183 0.522720 0.526367 
131072 1 4.754417 0.473366 0.809082 0.440056 0.435608 0.435455 
262144 1 5.429207 0.437260 0.773258 0.404278 0.399860 0.398117 
524288 1 4.665384 0.421551 0.757763 0.387659 0.382269 0.381697 
1048576 1 4.638382 0.413181 0.749360 0.377214 0.372407 0.372123 
2097152 1 4.602070 5.093315 0.768117 0.398453 0.393552 0.393084 
4194304 1 4.654951 0.601882 0.852221 0.559204 0.568494 0.565918 
8388608 1 4.653959 0.584764 0.838160 0.578689 0.578342 0.578652 
16777216 1 4.651634 0.570585 0.827577 0.562492 0.561591 0.562496 
33554432 1 4.643325 0.564929 0.820308 0.557927 0.557857 0.557692 
67108864 1 4.635632 0.563009 0.818561 0.554997 0.555600 0.555240 
134217728 1 4.642669 0.561813 0.817073 0.553779 0.553682 0.553848 
268435456 1 4.647222 0.561664 0.816515 0.552933 0.553233 0.553337 
536870912 1 4.643915 0.562603 0.817038 0.554478 0.554249 0.554550 
