65536 93.050140 14.094040 10.687698 28.106369 26.351120 -1 0.704010 1.252106 1 1.276276 1.204010 1.281052 1.248505 1.213440 9.975113 
131072 15.660805 11.480873 8.207512 16.086533 18.625893 -1 0.371246 0.658501 1 0.658165 0.631920 0.656998 0.650627 0.624786 8.992325 
262144 23.865089 10.934502 5.078800 7.290863 6.686756 -1 0.200623 0.353378 1 0.344257 0.376328 0.367413 0.341866 0.343464 4.879669 
524288 5.377712 11.346710 4.406506 3.833820 3.788141 -1 0.117699 0.200680 1 0.203291 0.224951 0.222002 0.194958 0.192591 4.348373 
1048576 1.798050 18.194625 3.589674 1.957981 1.208817 -1 0.066786 0.125822 1 0.140532 0.158196 0.149961 0.125157 0.120207 1.088438 
2097152 2.993529 12.151939 3.175665 1.107446 0.993484 -1 0.049260 0.089112 1 0.099064 0.126189 0.112536 0.086890 0.086307 1.213124 
4194304 1.487349 12.818813 3.794262 0.722854 0.464573 -1 0.052769 0.072705 1 0.083050 0.114676 0.095866 0.074790 0.071956 1.657404 
8388608 0.228653 11.148083 2.838225 0.312517 0.246324 -1 0.061849 0.066158 1 0.070746 0.102611 0.083777 0.066104 0.065374 1.191522 
16777216 1.429600 11.327551 2.704023 0.221293 0.192015 -1 0.054961 0.056604 1 0.062568 0.095215 0.075048 0.057187 0.056853 0.884043 
33554432 0.236694 10.335807 2.771548 0.173618 0.130968 -1 0.051750 0.052773 1 0.059098 0.092140 0.071141 0.053288 0.052699 0.825726 
67108864 0.062003 11.698904 2.787001 0.152456 0.107629 -1 0.049735 0.050752 1 0.057110 0.090415 0.069203 0.050449 0.050383 0.568455 
134217728 0.058285 11.418748 2.727188 0.129244 0.093957 -1 0.048747 0.049683 1 0.056063 0.113196 0.072901 0.049395 0.049567 0.331846 
268435456 0.107005 11.452042 2.632478 0.120178 0.083717 -1 0.050699 0.051894 1 0.058863 0.113491 0.071137 0.051914 0.051493 0.311985 
536870912 0.078100 10.081837 2.578342 0.110344 0.079262 -1 0.049977 0.050945 1 0.058904 0.150564 0.071141 0.051119 0.050743 0.301451
