65536 1 0.000595 0.000519 0.000631 0.000609 0.000552 0.000594 0.000609 0.000765 
131072 1 0.000644 0.000616 0.000693 0.000556 0.000665 0.000551 0.000647 0.000789 
262144 1 0.000273 0.000350 0.000408 0.000358 0.000376 0.000348 0.000420 0.000466 
524288 1 0.000380 0.000366 0.000361 0.000378 0.000396 0.000366 0.000363 0.000490 
1048576 1 0.000987 0.000384 0.000396 0.000394 0.000424 0.000385 0.000388 0.000507 
2097152 1 0.000863 0.000449 0.000472 0.000479 0.000535 0.000463 0.000475 0.000611 
4194304 1 0.001455 0.000523 0.000569 0.000591 0.000729 0.000554 0.000544 0.000720 
8388608 1 0.002700 0.000690 0.000754 0.000835 0.001066 0.000711 0.000733 0.001023 
16777216 1 0.005053 0.001050 0.001207 0.001298 0.001753 0.001177 0.001186 0.001544 
33554432 1 0.009862 0.001706 0.001939 0.002098 0.003004 0.001897 0.001919 0.002471 
67108864 1 0.019459 0.003007 0.003406 0.003728 0.005634 0.003291 0.003388 0.004492 
134217728 1 0.038500 0.006612 0.007129 0.007484 0.011323 0.007173 0.007274 0.010217 
268435456 1 0.076698 0.013057 0.014280 0.015271 0.022415 0.014108 0.014315 0.019866
