Currently Loaded Modulefiles:
  1) gcc/4.9.0                       5) intel-cc-15/15.0.0.090
  2) intel-tbb/13.0.1.117            6) intel-fc-15/15.0.0.090
  3) mpt/2.11                        7) intel-compilers-15/15.0.0.090
  4) cmake/3.1.3
1024 8 47.000977 12.365234 13.364258 11.758789 12.148438 11.696289 
2048 8 44.233398 6.707520 7.377441 6.353027 6.402832 6.233398 
4096 8 49.374756 3.852295 4.583740 3.675293 3.719727 3.676025 
8192 8 52.219360 2.392700 3.299683 2.400146 2.460815 2.345459 
16384 8 53.511292 1.659363 2.564453 1.693970 1.675598 1.611633 
32768 8 53.810669 1.337952 2.200623 1.368103 1.360077 1.321472 
65536 8 53.713730 1.216156 2.015640 1.245682 1.225098 1.157043 
131072 8 53.872978 1.138786 1.907669 1.147514 1.130898 1.084572 
262144 8 53.877319 1.057083 1.837402 1.064995 1.042358 1.000847 
524288 8 53.824753 1.005651 1.765888 1.015465 0.996847 0.954798 
1048576 8 53.896377 0.978580 1.736803 0.988267 0.969337 0.927758 
2097152 8 54.007333 0.986497 1.751000 1.000094 0.984540 0.945309 
4194304 8 54.284845 1.047343 1.813311 1.069170 1.050388 1.012950 
8388608 8 54.295717 1.016003 1.785687 1.039679 1.019261 0.978626 
16777216 8 54.291810 1.391869 2.627950 1.394365 1.048534 0.956926 
33554432 8 54.318087 0.987061 1.755130 1.007170 0.988844 0.948408 
67108864 8 54.363937 0.976595 1.745740 0.998071 0.979503 0.939465 
134217728 8 54.442809 0.972560 1.741703 0.994941 0.975801 0.935237 
268435456 8 54.479326 0.968733 1.738791 0.992770 0.972372 0.932161 
536870912 8 54.499327 0.968642 1.738625 0.992451 0.972969 0.932281 
