65536 1 0.000472 0.000621 0.000636 0.000539 0.000656 0.000627 0.000503 0.000639 
131072 1 0.000515 0.000633 0.000654 0.000529 0.000540 0.000688 0.000448 0.000547 
262144 1 0.000613 0.000602 0.000394 0.000502 0.000529 0.000672 0.000696 0.000659 
524288 1 0.000830 0.000536 0.000551 0.000560 0.000558 0.000534 0.000400 0.000548 
1048576 1 0.001062 0.000265 0.000260 0.000293 0.000365 0.000236 0.000249 0.000256 
2097152 1 0.000901 0.000304 0.000324 0.000344 0.000428 0.000294 0.000325 0.000535 
4194304 1 0.001472 0.000350 0.000395 0.000439 0.000554 0.000354 0.000394 0.000393 
8388608 1 0.002704 0.000487 0.000545 0.000605 0.000898 0.000497 0.000543 0.000538 
16777216 1 0.005041 0.000772 0.000873 0.000978 0.001560 0.000781 0.000873 0.000850 
33554432 1 0.009916 0.001382 0.001473 0.001668 0.002844 0.001416 0.001471 0.001468 
67108864 1 0.019417 0.002468 0.002543 0.003025 0.005441 0.002489 0.002658 0.002625 
134217728 1 0.038466 0.004682 0.004989 0.005791 0.010417 0.004708 0.005242 0.005174 
268435456 1 0.076581 0.009350 0.010018 0.011482 0.020573 0.009362 0.010532 0.010334
