Currently Loaded Modulefiles:
  1) gcc/4.9.0                       5) intel-cc-15/15.0.0.090
  2) intel-tbb/13.0.1.117            6) intel-fc-15/15.0.0.090
  3) mpt/2.11                        7) intel-compilers-15/15.0.0.090
  4) cmake/3.1.3
1024 8 46.741211 12.088867 13.273438 11.552734 11.549805 11.623047 
2048 8 44.258789 6.660645 7.455078 6.261719 6.226074 6.179688 
4096 8 49.476318 3.769775 4.679688 3.589111 3.520020 3.593506 
8192 8 52.266235 2.421997 3.318726 2.471313 2.436157 2.326416 
16384 8 53.490295 1.670837 2.522827 1.692200 1.669434 1.593811 
32768 8 53.772064 1.348358 2.198944 1.367401 1.370728 1.321625 
65536 8 53.669037 1.221085 2.017502 1.244629 1.243088 1.173248 
131072 8 53.784485 1.136230 1.931274 1.150337 1.133514 1.089661 
262144 8 53.851963 1.054230 1.816940 1.066704 1.043736 1.000835 
524288 8 53.968290 1.004406 1.764059 1.015471 0.996550 0.954315 
1048576 8 53.816868 0.977735 1.735786 0.988424 0.969131 0.927516 
2097152 8 54.011144 0.984255 1.747642 1.000850 0.981487 0.941165 
4194304 8 54.265664 1.052477 1.810340 1.070416 1.048836 1.015856 
8388608 8 54.285652 1.018896 1.784915 1.034526 1.021025 0.980726 
16777216 8 54.290802 0.996730 1.763734 1.017916 0.998679 0.956628 
33554432 8 54.294904 0.987258 1.754104 1.006835 0.988420 0.947459 
67108864 8 54.368823 0.977771 1.745525 0.998476 0.979743 0.939500 
134217728 8 54.421504 1.378054 2.612835 1.379783 1.035906 0.935239 
268435456 8 54.481778 0.969106 1.739406 0.993238 0.972671 0.932506 
536870912 8 54.507271 0.970303 1.739758 0.994193 0.974207 0.933746 
