65536 11.351990 13.004074 9.201096 25.969940 26.123886 -1 0.711731 1.258926 1 1.238327 1.171631 1.209274 1.241684 1.192688 12.537170 
131072 14.286819 12.761208 6.779755 15.385208 16.369576 -1 0.386208 0.667717 1 0.677994 0.635834 0.677757 0.670227 0.643456 6.515862 
262144 3.714905 11.464428 5.215828 10.461178 7.033089 -1 0.200581 0.355053 1 0.366100 0.375298 0.377907 0.369602 0.346130 4.085278 
524288 8.723673 10.552174 4.036947 3.776081 3.087484 -1 0.113966 0.198189 1 0.211672 0.223864 0.224180 0.195431 0.195305 5.679989 
1048576 0.958543 10.793502 3.598536 2.055080 1.837152 -1 0.068645 0.120017 1 0.135252 0.155152 0.143896 0.123346 0.121124 2.501742 
2097152 1.280862 12.025532 3.403612 1.402415 1.112290 -1 0.044694 0.088170 1 0.099016 0.125530 0.112260 0.089339 0.087680 1.168510 
4194304 1.757132 11.583384 3.493514 0.455366 0.577929 -1 0.051452 0.072866 1 0.082089 0.112357 0.095122 0.074419 0.072945 1.719737 
8388608 1.155069 10.773156 2.856961 0.336725 0.345871 -1 0.061321 0.064104 1 0.069452 0.101144 0.082175 0.063721 0.063993 0.979079 
16777216 0.084774 10.140205 2.748733 0.227813 0.187463 -1 0.054919 0.057299 1 0.063145 0.094901 0.075455 0.057891 0.056891 0.977884 
33554432 0.117178 10.000594 2.726153 0.177684 0.132805 -1 0.051556 0.052378 1 0.059149 0.091588 0.071388 0.053072 0.053167 0.737179 
67108864 0.063214 11.017032 2.782524 0.152325 0.108971 -1 0.049945 0.050997 1 0.057143 0.126071 0.069294 0.051043 0.050969 0.349913 
134217728 0.062511 10.524902 2.702158 0.133986 0.094697 -1 0.049058 0.050042 1 0.056123 0.113062 0.072944 0.049734 0.050210 0.325737 
268435456 0.069842 11.343331 2.661346 0.120964 0.084110 -1 0.050395 0.051644 1 0.058926 0.137677 0.073021 0.052155 0.051605 0.320900 
536870912 0.066386 11.089927 2.610800 0.115321 0.080491 -1 0.050061 0.050835 1 0.058876 0.146818 0.071045 0.051102 0.050888 0.304129 
