Currently Loaded Modulefiles:
  1) gcc/4.9.0                       5) intel-cc-15/15.0.0.090
  2) intel-tbb/13.0.1.117            6) intel-fc-15/15.0.0.090
  3) mpt/2.11                        7) intel-compilers-15/15.0.0.090
  4) cmake/3.1.3
1024 8 46.633789 11.761719 12.604492 12.356445 12.393555 11.790039 
2048 8 43.973633 6.065430 7.406738 6.491699 6.466309 6.679199 
4096 8 47.885986 3.870605 4.572510 3.752930 3.745117 3.673828 
8192 8 50.214844 2.335571 3.165405 2.385376 2.289673 2.283325 
16384 8 51.302612 1.718994 2.489868 1.690063 1.637878 1.673157 
32768 8 51.629456 1.375153 2.179291 1.351440 1.315216 1.337860 
65536 8 51.431671 1.250229 1.984131 1.223465 1.176254 1.208298 
131072 8 51.882080 1.485130 1.898788 1.134071 1.080605 1.128799 
262144 8 51.746952 1.096359 1.768604 1.048222 0.996559 1.021156 
524288 8 51.710703 1.044630 1.718716 0.996946 0.952765 0.972816 
1048576 8 51.559868 1.022779 1.686628 0.969368 0.926552 0.944641 
2097152 8 51.901873 1.045491 1.706079 0.989706 0.955346 0.967888 
4194304 8 52.134464 1.097870 1.754333 1.048500 1.010240 1.022233 
8388608 8 52.290267 1.432734 1.791868 1.062110 0.977109 1.060027 
16777216 8 52.276593 1.049312 1.704625 0.996419 0.956087 0.971511 
33554432 8 52.318468 1.412274 1.774209 1.048526 0.947301 1.042201 
67108864 8 52.319157 1.029937 1.685679 0.977883 0.937199 0.952061 
134217728 8 52.313195 1.026496 1.682137 0.974319 0.933730 0.946981 
268435456 8 52.325370 1.024097 1.680634 0.972436 0.931591 0.945563 
536870912 8 52.344073 1.024030 1.679498 0.971305 0.930067 0.944151 
